1	251107831
2	21633469
3	5851572
4	2772567
5	1666368
6	1093725
7	752998
8	535174
9	384792
10	288346
11	218815
12	171919
13	137749
14	113261
15	97493
16	84960
17	74681
18	66231
19	61552
20	56480
21	54469
22	52804
23	51481
24	50691
25	50865
26	51649
27	52713
28	54171
29	56871
30	59788
31	65173
32	69262
33	74622
34	82231
35	90957
36	101710
37	112994
38	126396
39	142804
40	163290
41	189703
42	222763
43	264023
44	311504
45	368569
46	436004
47	517132
48	608088
49	711695
50	828154
51	956966
52	1095432
53	1247052
54	1400848
55	1558191
56	1720019
57	1876457
58	2026845
59	2163273
60	2281504
61	2376964
62	2448027
63	2501232
64	2522177
65	2512372
66	2479204
67	2417976
68	2335092
69	2227393
70	2100416
71	1960909
72	1809605
73	1655190
74	1495826
75	1338922
76	1185925
77	1037401
78	897956
79	773272
80	658555
81	554451
82	465043
83	385066
84	315926
85	258262
86	209067
87	169347
88	134055
89	107673
90	85545
91	68500
92	54201
93	43660
94	36649
95	31205
96	26672
97	24041
98	22558
99	21897
100	22023
101	22852
102	24269
103	25270
104	26713
105	28919
106	31602
107	34561
108	37574
109	40897
110	44406
111	48106
112	52031
113	56040
114	60086
115	64485
116	68709
117	73412
118	77563
119	82055
120	85454
121	90083
122	93456
123	97567
124	100911
125	103403
126	105612
127	106616
128	107992
129	108725
130	109185
131	107975
132	107672
133	106499
134	104333
135	101733
136	98973
137	95628
138	92335
139	87903
140	84759
141	80343
142	76489
143	71472
144	66654
145	62762
146	58692
147	54244
148	49967
149	45700
150	42287
151	38917
152	36036
153	32827
154	30179
155	27557
156	25286
157	23484
158	21474
159	19896
160	18492
161	17555
162	16936
163	15946
164	15643
165	15431
166	15080
167	14999
168	15036
169	15278
170	15779
171	16559
172	17119
173	17493
174	18034
175	18871
176	19497
177	20274
178	20992
179	21723
180	22586
181	23478
182	24183
183	25298
184	25869
185	26737
186	27512
187	27924
188	28409
189	29470
190	29722
191	30531
192	30467
193	30851
194	31167
195	31147
196	31380
197	31236
198	30999
199	30798
200	30825
201	30409
202	29930
203	29299
204	28740
205	28082
206	27056
207	26599
208	25705
209	24748
210	24113
211	23261
212	22116
213	21424
214	20295
215	19722
216	18904
217	18009
218	17027
219	16617
220	15692
221	15168
222	14625
223	13901
224	13334
225	13249
226	13041
227	12643
228	12479
229	12150
230	11771
231	11472
232	11439
233	11371
234	11381
235	11589
236	11554
237	11568
238	11716
239	11992
240	11812
241	12212
242	12421
243	12641
244	12886
245	13321
246	13483
247	13469
248	14146
249	14296
250	14555
251	14683
252	15294
253	15158
254	15152
255	15900
256	15649
257	15744
258	16239
259	16058
260	15972
261	16223
262	16004
263	16039
264	15930
265	15874
266	16035
267	16010
268	16134
269	15797
270	15578
271	15273
272	14983
273	14858
274	14490
275	14390
276	14044
277	13623
278	13340
279	13299
280	12688
281	12646
282	12271
283	12084
284	11512
285	11348
286	10840
287	10931
288	10684
289	10367
290	10252
291	10091
292	9830
293	9844
294	9646
295	9556
296	9533
297	9365
298	9098
299	9083
300	8982
301	9137
302	8984
303	9018
304	8947
305	8982
306	9099
307	8924
308	8787
309	8977
310	9231
311	9120
312	9244
313	9312
314	9420
315	9666
316	9542
317	9910
318	9811
319	9979
320	10128
321	10040
322	10089
323	10064
324	10241
325	10194
326	10160
327	10004
328	10158
329	10426
330	10480
331	10536
332	10159
333	10454
334	10239
335	10316
336	10116
337	10201
338	9926
339	9975
340	9911
341	9724
342	9606
343	9435
344	9300
345	9085
346	9129
347	9195
348	9017
349	8829
350	8778
351	8408
352	8570
353	8482
354	8295
355	8148
356	8125
357	7858
358	7928
359	7998
360	7761
361	7776
362	7623
363	7536
364	7472
365	7243
366	7248
367	7342
368	7233
369	7227
370	7200
371	7097
372	7235
373	7113
374	7134
375	7045
376	7120
377	7189
378	7141
379	7247
380	7007
381	7284
382	7364
383	7334
384	7329
385	7274
386	7416
387	7283
388	7320
389	7271
390	7560
391	7334
392	7230
393	7405
394	7410
395	7621
396	7446
397	7348
398	7485
399	7538
400	7501
401	7448
402	7303
403	7433
404	7395
405	7108
406	7058
407	7116
408	7116
409	7041
410	7042
411	6995
412	6982
413	6946
414	7078
415	6871
416	6951
417	6892
418	6641
419	6719
420	6617
421	6446
422	6512
423	6207
424	6429
425	6112
426	6122
427	5998
428	5865
429	6013
430	5968
431	5996
432	5758
433	5764
434	5867
435	5659
436	5715
437	5659
438	5690
439	5702
440	5645
441	5680
442	5591
443	5673
444	5696
445	5535
446	5696
447	5704
448	5494
449	5527
450	5512
451	5541
452	5568
453	5437
454	5321
455	5474
456	5470
457	5571
458	5467
459	5579
460	5432
461	5276
462	5301
463	5324
464	5291
465	5424
466	5519
467	5369
468	5469
469	5300
470	5363
471	5472
472	5456
473	5334
474	5251
475	5341
476	5359
477	5371
478	5409
479	5320
480	5250
481	5319
482	5224
483	5236
484	5485
485	5240
486	5132
487	5128
488	5034
489	5005
490	4879
491	4963
492	4892
493	4919
494	4846
495	4902
496	4860
497	4813
498	4648
499	4737
500	4795
501	4720
502	4683
503	4737
504	4559
505	4526
506	4643
507	4697
508	4693
509	4584
510	4530
511	4650
512	4596
513	4570
514	4545
515	4514
516	4583
517	4453
518	4481
519	4459
520	4502
521	4451
522	4409
523	4395
524	4385
525	4480
526	4522
527	4328
528	4373
529	4377
530	4406
531	4448
532	4395
533	4476
534	4491
535	4257
536	4360
537	4357
538	4340
539	4479
540	4359
541	4409
542	4489
543	4329
544	4280
545	4266
546	4188
547	4236
548	4238
549	4293
550	4174
551	4060
552	4072
553	4198
554	4189
555	4052
556	4136
557	4015
558	4056
559	4030
560	4007
561	4038
562	4114
563	4119
564	3922
565	3977
566	3991
567	3876
568	4005
569	3932
570	3920
571	3842
572	3915
573	3869
574	3780
575	3821
576	3865
577	3720
578	3874
579	3829
580	3749
581	3702
582	3727
583	3657
584	3783
585	3773
586	3711
587	3651
588	3655
589	3712
590	3715
591	3680
592	3721
593	3606
594	3689
595	3555
596	3535
597	3557
598	3500
599	3437
600	3500
601	3483
602	3439
603	3458
604	3375
605	3546
606	3608
607	3493
608	3562
609	3462
610	3427
611	3474
612	3467
613	3456
614	3425
615	3444
616	3335
617	3311
618	3356
619	3428
620	3264
621	3443
622	3372
623	3454
624	3237
625	3344
626	3314
627	3433
628	3294
629	3296
630	3335
631	3386
632	3277
633	3322
634	3394
635	3422
636	3262
637	3336
638	3365
639	3278
640	3194
641	3315
642	3222
643	3209
644	3131
645	3169
646	3119
647	3193
648	3147
649	3043
650	3182
651	3143
652	2977
653	3010
654	2984
655	3036
656	2931
657	3021
658	3004
659	2961
660	3008
661	2970
662	2879
663	2924
664	2859
665	2996
666	2946
667	2857
668	2938
669	2938
670	2850
671	2845
672	2914
673	2936
674	2930
675	3013
676	3030
677	3010
678	3014
679	2991
680	2894
681	2936
682	2875
683	2927
684	2973
685	2790
686	2775
687	2930
688	2898
689	2781
690	2825
691	2863
692	2794
693	2799
694	2740
695	2792
696	2746
697	2733
698	2740
699	2801
700	2846
701	2779
702	2739
703	2732
704	2777
705	2744
706	2705
707	2729
708	2807
709	2706
710	2720
711	2778
712	2712
713	2779
714	2626
715	2634
716	2742
717	2641
718	2659
719	2681
720	2617
721	2636
722	2681
723	2545
724	2578
725	2598
726	2504
727	2535
728	2459
729	2496
730	2539
731	2530
732	2491
733	2632
734	2571
735	2473
736	2504
737	2557
738	2488
739	2564
740	2480
741	2499
742	2454
743	2504
744	2541
745	2448
746	2534
747	2467
748	2529
749	2440
750	2420
751	2503
752	2433
753	2467
754	2458
755	2392
756	2365
757	2410
758	2366
759	2384
760	2400
761	2316
762	2386
763	2336
764	2458
765	2415
766	2331
767	2342
768	2458
769	2404
770	2435
771	2307
772	2346
773	2342
774	2319
775	2317
776	2327
777	2364
778	2289
779	2358
780	2405
781	2335
782	2219
783	2360
784	2336
785	2252
786	2245
787	2326
788	2283
789	2278
790	2285
791	2213
792	2179
793	2294
794	2284
795	2229
796	2210
797	2296
798	2257
799	2243
800	2283
801	2228
802	2245
803	2199
804	2265
805	2169
806	2251
807	2202
808	2200
809	2236
810	2178
811	2194
812	2246
813	2165
814	2265
815	2107
816	2121
817	2074
818	2122
819	2073
820	2128
821	2134
822	2115
823	2122
824	2124
825	2046
826	2089
827	2055
828	2151
829	2151
830	2146
831	2139
832	2027
833	2169
834	2091
835	2127
836	2155
837	2050
838	2163
839	2170
840	2166
841	2201
842	2184
843	2010
844	2053
845	2006
846	2022
847	2003
848	2052
849	1965
850	2030
851	2020
852	2070
853	2110
854	1973
855	1984
856	2058
857	2035
858	1974
859	1980
860	2085
861	1915
862	1976
863	1950
864	2037
865	1987
866	1931
867	1987
868	1990
869	1902
870	1919
871	1944
872	1954
873	1824
874	1920
875	1955
876	1889
877	1924
878	1833
879	1879
880	1863
881	1872
882	1927
883	1884
884	1796
885	1882
886	1882
887	1873
888	1861
889	1868
890	1898
891	1870
892	1859
893	1765
894	1807
895	1832
896	1853
897	1842
898	1755
899	1872
900	1923
901	1857
902	1863
903	1864
904	1938
905	1774
906	1826
907	1872
908	1799
909	1905
910	1834
911	1766
912	1786
913	1763
914	1828
915	1751
916	1802
917	1789
918	1760
919	1845
920	1816
921	1788
922	1830
923	1802
924	1773
925	1844
926	1847
927	1841
928	1751
929	1771
930	1748
931	1787
932	1773
933	1800
934	1740
935	1742
936	1639
937	1689
938	1791
939	1695
940	1685
941	1718
942	1707
943	1654
944	1646
945	1619
946	1679
947	1703
948	1571
949	1624
950	1657
951	1744
952	1693
953	1754
954	1716
955	1747
956	1688
957	1663
958	1745
959	1714
960	1648
961	1623
962	1732
963	1718
964	1648
965	1664
966	1696
967	1640
968	1663
969	1604
970	1646
971	1586
972	1638
973	1612
974	1650
975	1599
976	1653
977	1629
978	1592
979	1619
980	1568
981	1563
982	1568
983	1570
984	1622
985	1561
986	1598
987	1548
988	1554
989	1613
990	1491
991	1584
992	1565
993	1564
994	1505
995	1513
996	1492
997	1552
998	1523
999	1523
1000	1477
1001	1513
1002	1474
1003	1471
1004	1478
1005	1579
1006	1517
1007	1514
1008	1466
1009	1531
1010	1494
1011	1517
1012	1426
1013	1502
1014	1435
1015	1513
1016	1520
1017	1528
1018	1496
1019	1479
1020	1491
1021	1399
1022	1424
1023	1424
1024	1441
1025	1438
1026	1391
1027	1495
1028	1419
1029	1375
1030	1409
1031	1370
1032	1451
1033	1406
1034	1470
1035	1407
1036	1352
1037	1326
1038	1346
1039	1488
1040	1354
1041	1429
1042	1471
1043	1345
1044	1391
1045	1395
1046	1406
1047	1357
1048	1393
1049	1371
1050	1416
1051	1404
1052	1356
1053	1390
1054	1383
1055	1376
1056	1377
1057	1346
1058	1434
1059	1320
1060	1383
1061	1362
1062	1336
1063	1401
1064	1335
1065	1328
1066	1336
1067	1324
1068	1306
1069	1281
1070	1348
1071	1271
1072	1280
1073	1342
1074	1271
1075	1311
1076	1283
1077	1279
1078	1292
1079	1336
1080	1233
1081	1304
1082	1266
1083	1267
1084	1267
1085	1236
1086	1256
1087	1285
1088	1267
1089	1185
1090	1259
1091	1223
1092	1243
1093	1216
1094	1211
1095	1158
1096	1204
1097	1169
1098	1205
1099	1114
1100	1172
1101	1157
1102	1119
1103	1112
1104	1173
1105	1210
1106	1135
1107	1213
1108	1156
1109	1173
1110	1131
1111	1200
1112	1248
1113	1154
1114	1152
1115	1157
1116	1137
1117	1159
1118	1211
1119	1156
1120	1169
1121	1138
1122	1210
1123	1157
1124	1111
1125	1140
1126	1113
1127	1130
1128	1148
1129	1079
1130	1084
1131	1121
1132	1107
1133	1067
1134	1117
1135	1054
1136	1153
1137	1119
1138	1083
1139	1108
1140	1101
1141	1150
1142	1089
1143	1085
1144	1101
1145	1117
1146	1107
1147	1098
1148	1039
1149	1048
1150	991
1151	1107
1152	1009
1153	1049
1154	1018
1155	1007
1156	1057
1157	994
1158	1001
1159	1019
1160	1009
1161	1027
1162	1011
1163	964
1164	1022
1165	1039
1166	1050
1167	951
1168	1023
1169	986
1170	1001
1171	1026
1172	968
1173	963
1174	998
1175	990
1176	999
1177	988
1178	988
1179	978
1180	1005
1181	1029
1182	944
1183	986
1184	979
1185	947
1186	997
1187	955
1188	950
1189	938
1190	957
1191	999
1192	983
1193	973
1194	923
1195	973
1196	982
1197	954
1198	977
1199	962
1200	894
1201	910
1202	934
1203	893
1204	914
1205	849
1206	903
1207	905
1208	863
1209	880
1210	889
1211	931
1212	890
1213	895
1214	902
1215	853
1216	855
1217	851
1218	870
1219	880
1220	874
1221	886
1222	901
1223	890
1224	920
1225	907
1226	935
1227	856
1228	917
1229	839
1230	837
1231	933
1232	839
1233	893
1234	855
1235	807
1236	783
1237	753
1238	812
1239	820
1240	836
1241	787
1242	827
1243	812
1244	839
1245	784
1246	792
1247	768
1248	796
1249	831
1250	801
1251	880
1252	758
1253	785
1254	816
1255	735
1256	797
1257	791
1258	809
1259	800
1260	757
1261	760
1262	780
1263	805
1264	770
1265	786
1266	778
1267	751
1268	789
1269	753
1270	742
1271	789
1272	774
1273	808
1274	767
1275	768
1276	717
1277	739
1278	768
1279	769
1280	810
1281	713
1282	781
1283	782
1284	768
1285	749
1286	781
1287	720
1288	774
1289	777
1290	799
1291	780
1292	769
1293	747
1294	727
1295	717
1296	763
1297	791
1298	744
1299	798
1300	728
1301	716
1302	791
1303	772
1304	692
1305	744
1306	700
1307	744
1308	730
1309	721
1310	740
1311	764
1312	721
1313	735
1314	719
1315	754
1316	725
1317	724
1318	712
1319	677
1320	736
1321	685
1322	695
1323	668
1324	720
1325	734
1326	675
1327	710
1328	741
1329	690
1330	692
1331	700
1332	713
1333	688
1334	671
1335	646
1336	660
1337	688
1338	668
1339	708
1340	683
1341	633
1342	686
1343	670
1344	682
1345	681
1346	648
1347	679
1348	688
1349	632
1350	673
1351	686
1352	677
1353	669
1354	642
1355	677
1356	687
1357	666
1358	721
1359	658
1360	639
1361	621
1362	610
1363	616
1364	609
1365	590
1366	630
1367	653
1368	626
1369	622
1370	653
1371	635
1372	623
1373	662
1374	647
1375	579
1376	623
1377	589
1378	715
1379	602
1380	612
1381	631
1382	600
1383	662
1384	616
1385	586
1386	624
1387	619
1388	632
1389	635
1390	613
1391	611
1392	623
1393	573
1394	628
1395	602
1396	592
1397	572
1398	598
1399	573
1400	597
1401	622
1402	546
1403	602
1404	605
1405	598
1406	599
1407	614
1408	623
1409	595
1410	602
1411	513
1412	561
1413	612
1414	589
1415	609
1416	570
1417	590
1418	571
1419	620
1420	602
1421	560
1422	577
1423	574
1424	576
1425	587
1426	546
1427	586
1428	634
1429	558
1430	561
1431	593
1432	527
1433	576
1434	545
1435	586
1436	564
1437	523
1438	571
1439	563
1440	588
1441	559
1442	559
1443	582
1444	592
1445	531
1446	570
1447	552
1448	555
1449	590
1450	583
1451	561
1452	588
1453	577
1454	530
1455	526
1456	561
1457	510
1458	570
1459	576
1460	529
1461	519
1462	545
1463	571
1464	554
1465	558
1466	517
1467	501
1468	552
1469	520
1470	532
1471	545
1472	522
1473	511
1474	577
1475	505
1476	518
1477	515
1478	510
1479	496
1480	517
1481	539
1482	495
1483	491
1484	486
1485	525
1486	506
1487	485
1488	508
1489	462
1490	483
1491	492
1492	533
1493	494
1494	515
1495	482
1496	536
1497	498
1498	474
1499	495
1500	496
1501	546
1502	496
1503	483
1504	478
1505	473
1506	497
1507	444
1508	480
1509	458
1510	516
1511	490
1512	502
1513	514
1514	464
1515	459
1516	480
1517	457
1518	461
1519	479
1520	478
1521	450
1522	465
1523	481
1524	489
1525	444
1526	508
1527	492
1528	462
1529	472
1530	499
1531	485
1532	474
1533	432
1534	488
1535	468
1536	460
1537	443
1538	444
1539	452
1540	479
1541	443
1542	453
1543	451
1544	409
1545	439
1546	462
1547	442
1548	433
1549	446
1550	413
1551	451
1552	441
1553	444
1554	448
1555	489
1556	463
1557	451
1558	486
1559	457
1560	455
1561	506
1562	430
1563	435
1564	449
1565	447
1566	464
1567	456
1568	448
1569	422
1570	445
1571	429
1572	471
1573	411
1574	427
1575	394
1576	418
1577	410
1578	414
1579	434
1580	472
1581	465
1582	452
1583	407
1584	424
1585	427
1586	437
1587	400
1588	429
1589	434
1590	425
1591	398
1592	426
1593	432
1594	445
1595	460
1596	481
1597	416
1598	427
1599	427
1600	434
1601	431
1602	405
1603	415
1604	402
1605	436
1606	406
1607	456
1608	440
1609	443
1610	411
1611	397
1612	413
1613	438
1614	420
1615	420
1616	416
1617	410
1618	427
1619	406
1620	443
1621	400
1622	398
1623	370
1624	387
1625	385
1626	363
1627	409
1628	401
1629	420
1630	404
1631	352
1632	361
1633	414
1634	405
1635	375
1636	381
1637	408
1638	387
1639	409
1640	394
1641	455
1642	393
1643	422
1644	432
1645	419
1646	375
1647	404
1648	385
1649	383
1650	441
1651	387
1652	406
1653	367
1654	415
1655	391
1656	405
1657	407
1658	404
1659	369
1660	397
1661	417
1662	392
1663	372
1664	414
1665	413
1666	394
1667	425
1668	374
1669	393
1670	402
1671	343
1672	387
1673	352
1674	407
1675	360
1676	353
1677	398
1678	354
1679	398
1680	345
1681	375
1682	398
1683	403
1684	339
1685	350
1686	355
1687	371
1688	399
1689	383
1690	390
1691	356
1692	389
1693	336
1694	368
1695	374
1696	367
1697	361
1698	347
1699	363
1700	349
1701	389
1702	434
1703	381
1704	367
1705	361
1706	343
1707	354
1708	363
1709	382
1710	387
1711	341
1712	349
1713	379
1714	384
1715	356
1716	351
1717	345
1718	360
1719	347
1720	329
1721	335
1722	357
1723	363
1724	373
1725	339
1726	333
1727	347
1728	331
1729	324
1730	364
1731	344
1732	354
1733	330
1734	334
1735	346
1736	336
1737	345
1738	355
1739	372
1740	338
1741	338
1742	360
1743	353
1744	368
1745	384
1746	357
1747	387
1748	391
1749	307
1750	349
1751	354
1752	330
1753	328
1754	361
1755	322
1756	359
1757	363
1758	307
1759	357
1760	344
1761	333
1762	334
1763	318
1764	364
1765	326
1766	352
1767	352
1768	336
1769	369
1770	353
1771	332
1772	354
1773	333
1774	333
1775	356
1776	326
1777	325
1778	333
1779	292
1780	340
1781	349
1782	331
1783	345
1784	316
1785	328
1786	350
1787	351
1788	344
1789	347
1790	320
1791	343
1792	346
1793	317
1794	331
1795	322
1796	316
1797	343
1798	311
1799	334
1800	313
1801	334
1802	332
1803	341
1804	319
1805	335
1806	326
1807	292
1808	321
1809	336
1810	331
1811	291
1812	310
1813	356
1814	296
1815	345
1816	324
1817	302
1818	313
1819	324
1820	321
1821	350
1822	294
1823	281
1824	304
1825	317
1826	308
1827	312
1828	290
1829	291
1830	325
1831	294
1832	299
1833	316
1834	308
1835	319
1836	301
1837	352
1838	276
1839	306
1840	291
1841	294
1842	315
1843	308
1844	302
1845	334
1846	315
1847	299
1848	285
1849	295
1850	289
1851	324
1852	298
1853	267
1854	282
1855	279
1856	308
1857	291
1858	284
1859	286
1860	303
1861	287
1862	270
1863	313
1864	274
1865	328
1866	313
1867	296
1868	316
1869	274
1870	300
1871	284
1872	282
1873	289
1874	284
1875	296
1876	255
1877	261
1878	287
1879	308
1880	279
1881	314
1882	276
1883	269
1884	294
1885	301
1886	277
1887	271
1888	273
1889	300
1890	282
1891	268
1892	335
1893	285
1894	276
1895	299
1896	289
1897	296
1898	321
1899	279
1900	276
1901	302
1902	300
1903	284
1904	289
1905	289
1906	268
1907	283
1908	276
1909	291
1910	274
1911	254
1912	267
1913	267
1914	270
1915	262
1916	278
1917	278
1918	265
1919	313
1920	289
1921	290
1922	291
1923	269
1924	257
1925	254
1926	268
1927	263
1928	264
1929	264
1930	252
1931	249
1932	274
1933	262
1934	265
1935	260
1936	271
1937	265
1938	270
1939	246
1940	260
1941	273
1942	251
1943	270
1944	260
1945	265
1946	269
1947	246
1948	268
1949	248
1950	254
1951	263
1952	259
1953	256
1954	259
1955	237
1956	241
1957	258
1958	263
1959	242
1960	271
1961	239
1962	276
1963	246
1964	275
1965	246
1966	260
1967	273
1968	250
1969	283
1970	245
1971	237
1972	258
1973	256
1974	258
1975	242
1976	283
1977	266
1978	289
1979	276
1980	263
1981	265
1982	231
1983	275
1984	236
1985	242
1986	246
1987	267
1988	229
1989	237
1990	244
1991	260
1992	249
1993	223
1994	230
1995	237
1996	230
1997	215
1998	217
1999	234
2000	244
2001	271
2002	256
2003	243
2004	236
2005	254
2006	245
2007	227
2008	231
2009	243
2010	250
2011	235
2012	244
2013	242
2014	240
2015	245
2016	229
2017	228
2018	239
2019	232
2020	279
2021	252
2022	263
2023	270
2024	268
2025	253
2026	253
2027	251
2028	253
2029	255
2030	237
2031	235
2032	248
2033	233
2034	243
2035	262
2036	265
2037	238
2038	240
2039	223
2040	226
2041	215
2042	220
2043	206
2044	215
2045	236
2046	235
2047	231
2048	226
2049	236
2050	228
2051	215
2052	262
2053	227
2054	212
2055	248
2056	215
2057	223
2058	237
2059	239
2060	219
2061	247
2062	229
2063	221
2064	251
2065	267
2066	222
2067	244
2068	214
2069	238
2070	252
2071	248
2072	214
2073	246
2074	220
2075	221
2076	223
2077	233
2078	212
2079	234
2080	239
2081	227
2082	244
2083	257
2084	245
2085	235
2086	217
2087	229
2088	249
2089	238
2090	230
2091	227
2092	237
2093	225
2094	206
2095	208
2096	219
2097	221
2098	222
2099	244
2100	248
2101	248
2102	228
2103	238
2104	233
2105	204
2106	230
2107	234
2108	212
2109	238
2110	229
2111	205
2112	216
2113	213
2114	248
2115	211
2116	243
2117	232
2118	222
2119	218
2120	247
2121	215
2122	216
2123	231
2124	234
2125	209
2126	211
2127	209
2128	208
2129	205
2130	231
2131	210
2132	186
2133	190
2134	196
2135	230
2136	236
2137	220
2138	236
2139	202
2140	243
2141	208
2142	200
2143	200
2144	192
2145	206
2146	213
2147	193
2148	223
2149	186
2150	201
2151	230
2152	212
2153	185
2154	200
2155	193
2156	232
2157	219
2158	200
2159	198
2160	204
2161	224
2162	222
2163	201
2164	172
2165	211
2166	218
2167	214
2168	203
2169	197
2170	203
2171	182
2172	179
2173	204
2174	182
2175	188
2176	190
2177	190
2178	191
2179	212
2180	181
2181	199
2182	201
2183	189
2184	205
2185	191
2186	217
2187	195
2188	185
2189	171
2190	196
2191	198
2192	207
2193	193
2194	195
2195	198
2196	189
2197	175
2198	199
2199	186
2200	189
2201	184
2202	176
2203	187
2204	221
2205	202
2206	203
2207	190
2208	184
2209	201
2210	207
2211	159
2212	216
2213	166
2214	174
2215	200
2216	194
2217	193
2218	187
2219	207
2220	156
2221	182
2222	217
2223	176
2224	184
2225	188
2226	197
2227	183
2228	222
2229	193
2230	174
2231	205
2232	166
2233	186
2234	169
2235	188
2236	184
2237	179
2238	194
2239	179
2240	174
2241	185
2242	191
2243	194
2244	185
2245	189
2246	168
2247	180
2248	175
2249	195
2250	199
2251	176
2252	193
2253	170
2254	195
2255	179
2256	175
2257	162
2258	166
2259	187
2260	153
2261	201
2262	184
2263	195
2264	176
2265	183
2266	177
2267	190
2268	180
2269	192
2270	188
2271	203
2272	189
2273	181
2274	172
2275	193
2276	178
2277	157
2278	168
2279	149
2280	183
2281	175
2282	159
2283	163
2284	143
2285	169
2286	173
2287	159
2288	167
2289	196
2290	175
2291	175
2292	166
2293	157
2294	160
2295	169
2296	186
2297	149
2298	170
2299	191
2300	166
2301	181
2302	171
2303	162
2304	187
2305	164
2306	178
2307	159
2308	166
2309	160
2310	182
2311	170
2312	152
2313	184
2314	197
2315	158
2316	197
2317	170
2318	169
2319	167
2320	173
2321	153
2322	158
2323	154
2324	147
2325	176
2326	171
2327	170
2328	167
2329	168
2330	156
2331	143
2332	172
2333	174
2334	150
2335	158
2336	162
2337	189
2338	177
2339	156
2340	143
2341	160
2342	178
2343	163
2344	159
2345	147
2346	156
2347	169
2348	168
2349	163
2350	147
2351	165
2352	141
2353	162
2354	156
2355	172
2356	153
2357	118
2358	167
2359	134
2360	150
2361	156
2362	154
2363	163
2364	154
2365	160
2366	148
2367	172
2368	146
2369	153
2370	156
2371	138
2372	135
2373	152
2374	150
2375	142
2376	142
2377	151
2378	132
2379	142
2380	154
2381	134
2382	120
2383	133
2384	161
2385	144
2386	146
2387	146
2388	147
2389	153
2390	146
2391	166
2392	155
2393	154
2394	127
2395	152
2396	144
2397	151
2398	146
2399	148
2400	159
2401	150
2402	134
2403	150
2404	135
2405	143
2406	139
2407	147
2408	143
2409	139
2410	147
2411	154
2412	148
2413	156
2414	148
2415	151
2416	144
2417	166
2418	140
2419	123
2420	143
2421	137
2422	158
2423	123
2424	142
2425	128
2426	137
2427	152
2428	132
2429	160
2430	182
2431	144
2432	132
2433	135
2434	144
2435	131
2436	145
2437	122
2438	143
2439	152
2440	121
2441	155
2442	143
2443	127
2444	148
2445	158
2446	134
2447	146
2448	170
2449	180
2450	147
2451	130
2452	129
2453	135
2454	134
2455	120
2456	114
2457	138
2458	138
2459	145
2460	139
2461	136
2462	142
2463	143
2464	143
2465	130
2466	129
2467	139
2468	152
2469	136
2470	132
2471	139
2472	142
2473	146
2474	112
2475	130
2476	134
2477	147
2478	139
2479	110
2480	139
2481	126
2482	142
2483	134
2484	139
2485	146
2486	144
2487	138
2488	158
2489	160
2490	135
2491	130
2492	140
2493	134
2494	147
2495	146
2496	145
2497	149
2498	136
2499	147
2500	168
2501	143
2502	117
2503	151
2504	145
2505	129
2506	128
2507	138
2508	142
2509	121
2510	136
2511	151
2512	152
2513	144
2514	139
2515	138
2516	116
2517	122
2518	136
2519	142
2520	145
2521	144
2522	163
2523	135
2524	139
2525	130
2526	144
2527	144
2528	150
2529	153
2530	148
2531	153
2532	140
2533	129
2534	145
2535	137
2536	141
2537	138
2538	146
2539	125
2540	146
2541	140
2542	121
2543	150
2544	134
2545	160
2546	156
2547	152
2548	131
2549	136
2550	136
2551	162
2552	154
2553	149
2554	158
2555	148
2556	134
2557	164
2558	135
2559	147
2560	147
2561	182
2562	147
2563	163
2564	129
2565	136
2566	123
2567	128
2568	135
2569	119
2570	158
2571	121
2572	155
2573	151
2574	146
2575	160
2576	122
2577	130
2578	110
2579	145
2580	128
2581	146
2582	117
2583	125
2584	134
2585	151
2586	118
2587	119
2588	126
2589	130
2590	140
2591	122
2592	109
2593	128
2594	119
2595	115
2596	129
2597	135
2598	123
2599	129
2600	113
2601	132
2602	152
2603	136
2604	126
2605	147
2606	130
2607	114
2608	125
2609	122
2610	126
2611	137
2612	115
2613	123
2614	138
2615	149
2616	137
2617	159
2618	144
2619	140
2620	148
2621	153
2622	149
2623	136
2624	143
2625	132
2626	117
2627	128
2628	161
2629	174
2630	132
2631	145
2632	143
2633	139
2634	146
2635	128
2636	151
2637	145
2638	138
2639	153
2640	137
2641	134
2642	159
2643	129
2644	141
2645	122
2646	117
2647	145
2648	152
2649	148
2650	134
2651	114
2652	145
2653	138
2654	132
2655	131
2656	147
2657	111
2658	142
2659	133
2660	142
2661	146
2662	122
2663	139
2664	143
2665	127
2666	138
2667	132
2668	135
2669	139
2670	128
2671	156
2672	123
2673	116
2674	120
2675	132
2676	136
2677	136
2678	131
2679	160
2680	123
2681	145
2682	138
2683	145
2684	126
2685	121
2686	125
2687	149
2688	145
2689	146
2690	133
2691	134
2692	138
2693	125
2694	136
2695	127
2696	118
2697	132
2698	127
2699	126
2700	148
2701	158
2702	130
2703	139
2704	152
2705	144
2706	141
2707	115
2708	146
2709	120
2710	131
2711	135
2712	131
2713	129
2714	145
2715	131
2716	136
2717	123
2718	146
2719	137
2720	138
2721	123
2722	117
2723	117
2724	145
2725	143
2726	121
2727	135
2728	144
2729	122
2730	131
2731	134
2732	133
2733	139
2734	130
2735	133
2736	147
2737	128
2738	125
2739	145
2740	134
2741	116
2742	114
2743	152
2744	137
2745	158
2746	137
2747	156
2748	142
2749	123
2750	142
2751	124
2752	132
2753	129
2754	130
2755	117
2756	118
2757	130
2758	127
2759	138
2760	120
2761	119
2762	123
2763	147
2764	129
2765	141
2766	128
2767	121
2768	119
2769	156
2770	138
2771	141
2772	110
2773	118
2774	122
2775	140
2776	142
2777	140
2778	127
2779	141
2780	108
2781	112
2782	129
2783	137
2784	142
2785	142
2786	133
2787	127
2788	122
2789	123
2790	142
2791	114
2792	140
2793	146
2794	127
2795	129
2796	130
2797	123
2798	125
2799	123
2800	112
2801	143
2802	115
2803	133
2804	118
2805	130
2806	121
2807	129
2808	106
2809	117
2810	113
2811	115
2812	114
2813	108
2814	122
2815	128
2816	114
2817	124
2818	113
2819	123
2820	121
2821	122
2822	126
2823	121
2824	117
2825	117
2826	122
2827	95
2828	108
2829	122
2830	122
2831	122
2832	106
2833	129
2834	105
2835	113
2836	114
2837	110
2838	116
2839	129
2840	135
2841	119
2842	115
2843	109
2844	118
2845	106
2846	117
2847	114
2848	109
2849	119
2850	114
2851	104
2852	108
2853	122
2854	112
2855	106
2856	113
2857	103
2858	115
2859	123
2860	117
2861	101
2862	129
2863	114
2864	118
2865	121
2866	93
2867	119
2868	133
2869	112
2870	125
2871	99
2872	98
2873	115
2874	122
2875	118
2876	119
2877	117
2878	110
2879	118
2880	118
2881	100
2882	112
2883	121
2884	113
2885	127
2886	116
2887	120
2888	113
2889	116
2890	95
2891	104
2892	128
2893	103
2894	105
2895	104
2896	108
2897	107
2898	105
2899	109
2900	108
2901	99
2902	105
2903	116
2904	109
2905	124
2906	115
2907	107
2908	113
2909	119
2910	96
2911	94
2912	110
2913	110
2914	134
2915	118
2916	107
2917	104
2918	96
2919	129
2920	112
2921	81
2922	111
2923	105
2924	97
2925	112
2926	103
2927	99
2928	99
2929	87
2930	108
2931	89
2932	117
2933	109
2934	112
2935	116
2936	92
2937	95
2938	101
2939	119
2940	106
2941	103
2942	117
2943	103
2944	101
2945	106
2946	126
2947	98
2948	127
2949	94
2950	101
2951	120
2952	126
2953	131
2954	111
2955	116
2956	107
2957	95
2958	124
2959	118
2960	113
2961	92
2962	109
2963	114
2964	121
2965	115
2966	114
2967	115
2968	95
2969	94
2970	116
2971	115
2972	111
2973	112
2974	94
2975	95
2976	133
2977	117
2978	98
2979	118
2980	120
2981	126
2982	104
2983	104
2984	107
2985	94
2986	108
2987	117
2988	100
2989	94
2990	105
2991	106
2992	100
2993	98
2994	101
2995	103
2996	113
2997	111
2998	95
2999	89
3000	99
3001	113
3002	105
3003	91
3004	97
3005	91
3006	104
3007	99
3008	95
3009	103
3010	107
3011	104
3012	112
3013	116
3014	114
3015	111
3016	110
3017	114
3018	99
3019	109
3020	109
3021	99
3022	113
3023	91
3024	93
3025	102
3026	117
3027	105
3028	106
3029	111
3030	108
3031	96
3032	90
3033	87
3034	105
3035	121
3036	89
3037	94
3038	99
3039	106
3040	103
3041	117
3042	107
3043	98
3044	106
3045	109
3046	92
3047	114
3048	98
3049	102
3050	110
3051	106
3052	101
3053	105
3054	102
3055	106
3056	92
3057	80
3058	105
3059	105
3060	109
3061	93
3062	95
3063	104
3064	116
3065	124
3066	100
3067	114
3068	86
3069	106
3070	91
3071	102
3072	94
3073	106
3074	99
3075	87
3076	103
3077	108
3078	88
3079	110
3080	105
3081	84
3082	116
3083	81
3084	84
3085	92
3086	88
3087	83
3088	90
3089	80
3090	105
3091	105
3092	133
3093	105
3094	95
3095	108
3096	99
3097	91
3098	93
3099	94
3100	99
3101	98
3102	95
3103	94
3104	87
3105	108
3106	95
3107	94
3108	96
3109	117
3110	98
3111	97
3112	89
3113	98
3114	105
3115	91
3116	90
3117	91
3118	75
3119	85
3120	103
3121	98
3122	99
3123	85
3124	100
3125	67
3126	72
3127	91
3128	87
3129	108
3130	90
3131	81
3132	87
3133	86
3134	82
3135	79
3136	98
3137	89
3138	87
3139	78
3140	84
3141	76
3142	86
3143	92
3144	85
3145	83
3146	89
3147	79
3148	84
3149	80
3150	87
3151	90
3152	80
3153	103
3154	80
3155	83
3156	90
3157	91
3158	72
3159	100
3160	93
3161	86
3162	72
3163	104
3164	74
3165	101
3166	89
3167	100
3168	76
3169	92
3170	100
3171	76
3172	81
3173	76
3174	87
3175	88
3176	89
3177	105
3178	75
3179	81
3180	88
3181	81
3182	91
3183	93
3184	77
3185	87
3186	89
3187	79
3188	86
3189	87
3190	82
3191	89
3192	88
3193	89
3194	77
3195	80
3196	94
3197	73
3198	91
3199	90
3200	83
3201	75
3202	83
3203	83
3204	78
3205	72
3206	91
3207	75
3208	83
3209	83
3210	101
3211	77
3212	77
3213	82
3214	71
3215	78
3216	78
3217	74
3218	81
3219	84
3220	93
3221	77
3222	83
3223	93
3224	76
3225	85
3226	77
3227	70
3228	88
3229	88
3230	77
3231	90
3232	92
3233	94
3234	84
3235	93
3236	79
3237	91
3238	94
3239	92
3240	73
3241	76
3242	72
3243	91
3244	72
3245	103
3246	104
3247	82
3248	72
3249	95
3250	72
3251	89
3252	69
3253	91
3254	70
3255	86
3256	87
3257	81
3258	78
3259	79
3260	89
3261	71
3262	75
3263	82
3264	71
3265	81
3266	82
3267	84
3268	77
3269	81
3270	85
3271	95
3272	92
3273	90
3274	80
3275	82
3276	86
3277	84
3278	71
3279	74
3280	88
3281	72
3282	81
3283	77
3284	86
3285	94
3286	88
3287	77
3288	81
3289	70
3290	90
3291	78
3292	57
3293	86
3294	83
3295	104
3296	69
3297	87
3298	75
3299	79
3300	83
3301	92
3302	89
3303	73
3304	74
3305	68
3306	62
3307	72
3308	86
3309	68
3310	73
3311	81
3312	69
3313	80
3314	61
3315	75
3316	82
3317	83
3318	93
3319	76
3320	83
3321	89
3322	76
3323	68
3324	76
3325	82
3326	75
3327	72
3328	77
3329	92
3330	85
3331	81
3332	73
3333	70
3334	86
3335	80
3336	67
3337	77
3338	70
3339	71
3340	80
3341	74
3342	71
3343	80
3344	76
3345	63
3346	78
3347	78
3348	67
3349	86
3350	80
3351	100
3352	77
3353	93
3354	78
3355	80
3356	89
3357	88
3358	72
3359	91
3360	73
3361	74
3362	76
3363	59
3364	72
3365	62
3366	84
3367	74
3368	63
3369	75
3370	92
3371	75
3372	62
3373	65
3374	72
3375	57
3376	73
3377	72
3378	72
3379	65
3380	75
3381	67
3382	82
3383	76
3384	86
3385	72
3386	84
3387	71
3388	78
3389	86
3390	102
3391	59
3392	76
3393	73
3394	66
3395	71
3396	68
3397	61
3398	68
3399	64
3400	77
3401	61
3402	90
3403	79
3404	72
3405	59
3406	76
3407	66
3408	61
3409	68
3410	78
3411	68
3412	75
3413	75
3414	71
3415	68
3416	76
3417	68
3418	82
3419	68
3420	66
3421	64
3422	73
3423	61
3424	60
3425	72
3426	72
3427	70
3428	66
3429	72
3430	66
3431	58
3432	70
3433	72
3434	73
3435	61
3436	57
3437	70
3438	54
3439	72
3440	81
3441	84
3442	55
3443	83
3444	62
3445	67
3446	77
3447	80
3448	74
3449	75
3450	71
3451	77
3452	74
3453	80
3454	62
3455	71
3456	67
3457	79
3458	57
3459	68
3460	62
3461	64
3462	55
3463	65
3464	70
3465	63
3466	84
3467	65
3468	68
3469	76
3470	48
3471	68
3472	60
3473	60
3474	71
3475	77
3476	76
3477	74
3478	56
3479	67
3480	82
3481	91
3482	59
3483	88
3484	68
3485	76
3486	67
3487	71
3488	53
3489	70
3490	56
3491	71
3492	66
3493	72
3494	65
3495	72
3496	63
3497	56
3498	74
3499	58
3500	72
3501	76
3502	66
3503	66
3504	75
3505	73
3506	58
3507	76
3508	59
3509	85
3510	73
3511	67
3512	57
3513	65
3514	62
3515	59
3516	61
3517	62
3518	65
3519	65
3520	63
3521	56
3522	64
3523	72
3524	58
3525	60
3526	64
3527	58
3528	67
3529	70
3530	61
3531	54
3532	67
3533	71
3534	60
3535	60
3536	63
3537	77
3538	57
3539	52
3540	66
3541	65
3542	60
3543	51
3544	49
3545	62
3546	68
3547	60
3548	66
3549	62
3550	61
3551	47
3552	57
3553	67
3554	63
3555	60
3556	57
3557	67
3558	85
3559	73
3560	62
3561	63
3562	73
3563	74
3564	70
3565	65
3566	64
3567	82
3568	60
3569	67
3570	63
3571	71
3572	50
3573	45
3574	77
3575	89
3576	70
3577	58
3578	67
3579	50
3580	69
3581	60
3582	77
3583	60
3584	66
3585	74
3586	72
3587	62
3588	68
3589	58
3590	66
3591	68
3592	73
3593	86
3594	81
3595	66
3596	72
3597	70
3598	71
3599	74
3600	68
3601	78
3602	70
3603	72
3604	71
3605	82
3606	60
3607	77
3608	83
3609	69
3610	74
3611	69
3612	76
3613	63
3614	57
3615	87
3616	62
3617	75
3618	72
3619	61
3620	73
3621	68
3622	65
3623	63
3624	62
3625	58
3626	52
3627	62
3628	48
3629	46
3630	66
3631	61
3632	52
3633	55
3634	57
3635	68
3636	42
3637	64
3638	55
3639	70
3640	66
3641	62
3642	67
3643	66
3644	58
3645	72
3646	63
3647	58
3648	55
3649	51
3650	54
3651	59
3652	68
3653	69
3654	67
3655	56
3656	79
3657	69
3658	66
3659	67
3660	66
3661	54
3662	66
3663	77
3664	72
3665	58
3666	62
3667	67
3668	67
3669	63
3670	50
3671	63
3672	46
3673	49
3674	64
3675	56
3676	49
3677	51
3678	62
3679	67
3680	61
3681	61
3682	70
3683	74
3684	64
3685	64
3686	56
3687	62
3688	62
3689	59
3690	62
3691	63
3692	58
3693	52
3694	71
3695	55
3696	57
3697	59
3698	57
3699	58
3700	58
3701	59
3702	55
3703	59
3704	65
3705	53
3706	62
3707	64
3708	60
3709	68
3710	47
3711	64
3712	53
3713	44
3714	70
3715	59
3716	66
3717	61
3718	50
3719	66
3720	52
3721	56
3722	50
3723	76
3724	52
3725	52
3726	54
3727	53
3728	52
3729	58
3730	62
3731	60
3732	60
3733	67
3734	64
3735	52
3736	61
3737	55
3738	58
3739	52
3740	59
3741	47
3742	43
3743	58
3744	68
3745	58
3746	55
3747	54
3748	53
3749	56
3750	56
3751	44
3752	54
3753	57
3754	56
3755	52
3756	72
3757	49
3758	42
3759	46
3760	62
3761	51
3762	56
3763	50
3764	51
3765	54
3766	58
3767	51
3768	53
3769	45
3770	52
3771	50
3772	51
3773	54
3774	61
3775	62
3776	55
3777	63
3778	56
3779	47
3780	54
3781	47
3782	65
3783	53
3784	45
3785	56
3786	50
3787	50
3788	54
3789	45
3790	51
3791	57
3792	58
3793	53
3794	55
3795	48
3796	46
3797	59
3798	50
3799	51
3800	56
3801	47
3802	59
3803	62
3804	49
3805	55
3806	57
3807	45
3808	50
3809	54
3810	56
3811	58
3812	35
3813	55
3814	48
3815	56
3816	48
3817	47
3818	54
3819	65
3820	53
3821	51
3822	54
3823	59
3824	70
3825	54
3826	50
3827	56
3828	75
3829	47
3830	50
3831	43
3832	70
3833	53
3834	65
3835	51
3836	57
3837	53
3838	56
3839	50
3840	59
3841	61
3842	61
3843	41
3844	53
3845	58
3846	58
3847	52
3848	64
3849	44
3850	60
3851	54
3852	47
3853	60
3854	65
3855	64
3856	49
3857	62
3858	51
3859	71
3860	47
3861	44
3862	35
3863	41
3864	40
3865	43
3866	37
3867	56
3868	48
3869	57
3870	56
3871	46
3872	41
3873	54
3874	42
3875	51
3876	48
3877	52
3878	52
3879	37
3880	53
3881	52
3882	42
3883	45
3884	57
3885	43
3886	42
3887	48
3888	48
3889	42
3890	42
3891	55
3892	57
3893	64
3894	44
3895	55
3896	55
3897	55
3898	60
3899	52
3900	46
3901	51
3902	50
3903	66
3904	52
3905	46
3906	55
3907	52
3908	55
3909	53
3910	52
3911	51
3912	59
3913	63
3914	48
3915	56
3916	53
3917	48
3918	52
3919	63
3920	55
3921	54
3922	43
3923	62
3924	50
3925	50
3926	43
3927	48
3928	53
3929	52
3930	42
3931	47
3932	58
3933	53
3934	44
3935	50
3936	56
3937	49
3938	42
3939	59
3940	54
3941	51
3942	48
3943	52
3944	45
3945	57
3946	47
3947	49
3948	49
3949	63
3950	43
3951	41
3952	48
3953	46
3954	45
3955	41
3956	50
3957	36
3958	47
3959	56
3960	63
3961	53
3962	59
3963	52
3964	51
3965	70
3966	57
3967	52
3968	63
3969	44
3970	51
3971	41
3972	35
3973	57
3974	55
3975	53
3976	50
3977	40
3978	58
3979	56
3980	52
3981	53
3982	56
3983	55
3984	50
3985	51
3986	50
3987	57
3988	57
3989	53
3990	45
3991	55
3992	42
3993	40
3994	40
3995	31
3996	45
3997	45
3998	46
3999	42
4000	45
4001	55
4002	52
4003	45
4004	43
4005	53
4006	58
4007	48
4008	57
4009	54
4010	57
4011	61
4012	55
4013	47
4014	54
4015	43
4016	42
4017	55
4018	45
4019	45
4020	55
4021	53
4022	48
4023	45
4024	57
4025	54
4026	42
4027	56
4028	43
4029	51
4030	45
4031	57
4032	58
4033	64
4034	56
4035	58
4036	51
4037	48
4038	48
4039	49
4040	45
4041	47
4042	52
4043	46
4044	58
4045	57
4046	53
4047	55
4048	54
4049	55
4050	56
4051	44
4052	43
4053	48
4054	52
4055	53
4056	46
4057	49
4058	50
4059	46
4060	52
4061	59
4062	49
4063	52
4064	39
4065	60
4066	50
4067	55
4068	56
4069	45
4070	47
4071	45
4072	49
4073	49
4074	53
4075	39
4076	49
4077	43
4078	45
4079	45
4080	51
4081	48
4082	48
4083	44
4084	46
4085	61
4086	50
4087	39
4088	55
4089	55
4090	53
4091	53
4092	41
4093	50
4094	38
4095	48
4096	57
4097	55
4098	38
4099	45
4100	47
4101	41
4102	50
4103	44
4104	49
4105	45
4106	52
4107	62
4108	55
4109	47
4110	48
4111	46
4112	49
4113	45
4114	48
4115	54
4116	48
4117	47
4118	47
4119	37
4120	47
4121	58
4122	53
4123	51
4124	50
4125	56
4126	52
4127	36
4128	44
4129	41
4130	46
4131	44
4132	60
4133	45
4134	65
4135	46
4136	34
4137	48
4138	39
4139	46
4140	40
4141	41
4142	46
4143	57
4144	42
4145	63
4146	51
4147	51
4148	44
4149	42
4150	42
4151	43
4152	44
4153	34
4154	42
4155	43
4156	49
4157	43
4158	50
4159	51
4160	48
4161	39
4162	42
4163	36
4164	39
4165	47
4166	48
4167	42
4168	44
4169	50
4170	32
4171	46
4172	42
4173	25
4174	55
4175	32
4176	43
4177	43
4178	58
4179	52
4180	45
4181	44
4182	35
4183	40
4184	42
4185	42
4186	49
4187	50
4188	36
4189	49
4190	44
4191	39
4192	40
4193	33
4194	46
4195	39
4196	31
4197	52
4198	43
4199	36
4200	38
4201	46
4202	47
4203	43
4204	33
4205	55
4206	53
4207	35
4208	52
4209	40
4210	45
4211	36
4212	36
4213	49
4214	40
4215	47
4216	43
4217	35
4218	42
4219	29
4220	34
4221	52
4222	36
4223	32
4224	43
4225	35
4226	50
4227	36
4228	43
4229	49
4230	51
4231	45
4232	52
4233	45
4234	55
4235	59
4236	39
4237	56
4238	36
4239	34
4240	35
4241	43
4242	38
4243	47
4244	35
4245	49
4246	47
4247	53
4248	45
4249	52
4250	40
4251	48
4252	42
4253	44
4254	45
4255	37
4256	46
4257	48
4258	50
4259	35
4260	38
4261	54
4262	41
4263	40
4264	41
4265	42
4266	47
4267	38
4268	44
4269	46
4270	43
4271	55
4272	34
4273	44
4274	40
4275	48
4276	52
4277	42
4278	51
4279	38
4280	26
4281	47
4282	47
4283	58
4284	45
4285	31
4286	38
4287	46
4288	49
4289	52
4290	45
4291	38
4292	45
4293	44
4294	45
4295	39
4296	34
4297	46
4298	40
4299	45
4300	51
4301	34
4302	44
4303	53
4304	44
4305	39
4306	36
4307	41
4308	40
4309	33
4310	37
4311	51
4312	59
4313	35
4314	49
4315	45
4316	51
4317	47
4318	37
4319	46
4320	27
4321	40
4322	34
4323	51
4324	35
4325	50
4326	53
4327	54
4328	45
4329	37
4330	54
4331	45
4332	48
4333	46
4334	45
4335	33
4336	48
4337	40
4338	41
4339	39
4340	38
4341	43
4342	38
4343	36
4344	40
4345	37
4346	42
4347	44
4348	36
4349	43
4350	41
4351	33
4352	47
4353	37
4354	44
4355	36
4356	45
4357	33
4358	43
4359	42
4360	47
4361	18
4362	36
4363	45
4364	30
4365	35
4366	46
4367	43
4368	34
4369	31
4370	41
4371	50
4372	30
4373	39
4374	33
4375	38
4376	54
4377	32
4378	24
4379	24
4380	38
4381	35
4382	40
4383	25
4384	35
4385	36
4386	26
4387	38
4388	52
4389	35
4390	36
4391	42
4392	37
4393	47
4394	40
4395	36
4396	34
4397	46
4398	34
4399	40
4400	26
4401	34
4402	36
4403	44
4404	27
4405	35
4406	40
4407	38
4408	26
4409	36
4410	36
4411	43
4412	35
4413	35
4414	44
4415	35
4416	38
4417	37
4418	34
4419	33
4420	38
4421	35
4422	35
4423	35
4424	43
4425	30
4426	29
4427	35
4428	37
4429	36
4430	31
4431	40
4432	29
4433	31
4434	46
4435	29
4436	35
4437	32
4438	32
4439	40
4440	31
4441	34
4442	39
4443	34
4444	29
4445	36
4446	37
4447	43
4448	31
4449	43
4450	31
4451	42
4452	32
4453	27
4454	37
4455	40
4456	34
4457	37
4458	31
4459	31
4460	44
4461	42
4462	33
4463	23
4464	32
4465	40
4466	34
4467	33
4468	37
4469	33
4470	38
4471	31
4472	30
4473	30
4474	26
4475	30
4476	44
4477	30
4478	41
4479	28
4480	28
4481	36
4482	30
4483	35
4484	28
4485	42
4486	39
4487	32
4488	36
4489	26
4490	33
4491	29
4492	34
4493	53
4494	29
4495	25
4496	39
4497	32
4498	37
4499	43
4500	30
4501	37
4502	37
4503	35
4504	25
4505	27
4506	31
4507	34
4508	33
4509	35
4510	35
4511	32
4512	36
4513	34
4514	27
4515	27
4516	26
4517	34
4518	29
4519	27
4520	40
4521	38
4522	29
4523	34
4524	29
4525	27
4526	31
4527	30
4528	36
4529	29
4530	36
4531	29
4532	42
4533	31
4534	32
4535	42
4536	35
4537	27
4538	30
4539	27
4540	29
4541	31
4542	39
4543	43
4544	34
4545	36
4546	30
4547	31
4548	38
4549	32
4550	30
4551	23
4552	30
4553	37
4554	21
4555	27
4556	28
4557	25
4558	36
4559	41
4560	34
4561	29
4562	34
4563	36
4564	20
4565	26
4566	31
4567	33
4568	26
4569	23
4570	22
4571	39
4572	19
4573	33
4574	42
4575	25
4576	20
4577	27
4578	40
4579	35
4580	27
4581	35
4582	26
4583	44
4584	32
4585	27
4586	48
4587	29
4588	38
4589	34
4590	32
4591	25
4592	30
4593	24
4594	41
4595	25
4596	35
4597	22
4598	39
4599	25
4600	35
4601	31
4602	31
4603	39
4604	35
4605	32
4606	37
4607	19
4608	35
4609	25
4610	31
4611	35
4612	26
4613	25
4614	40
4615	40
4616	23
4617	27
4618	31
4619	18
4620	39
4621	37
4622	42
4623	38
4624	28
4625	35
4626	32
4627	31
4628	35
4629	33
4630	29
4631	37
4632	30
4633	24
4634	30
4635	24
4636	37
4637	30
4638	24
4639	26
4640	25
4641	26
4642	28
4643	26
4644	28
4645	31
4646	32
4647	30
4648	34
4649	30
4650	32
4651	31
4652	37
4653	29
4654	27
4655	30
4656	29
4657	30
4658	38
4659	25
4660	30
4661	37
4662	35
4663	33
4664	43
4665	31
4666	32
4667	19
4668	31
4669	38
4670	31
4671	29
4672	27
4673	26
4674	31
4675	26
4676	34
4677	19
4678	42
4679	24
4680	23
4681	37
4682	33
4683	33
4684	25
4685	41
4686	28
4687	33
4688	29
4689	30
4690	34
4691	44
4692	29
4693	34
4694	28
4695	31
4696	34
4697	33
4698	23
4699	26
4700	25
4701	30
4702	30
4703	29
4704	27
4705	30
4706	33
4707	31
4708	30
4709	35
4710	30
4711	25
4712	29
4713	30
4714	40
4715	29
4716	27
4717	38
4718	27
4719	25
4720	24
4721	28
4722	22
4723	39
4724	36
4725	28
4726	31
4727	35
4728	30
4729	32
4730	26
4731	24
4732	31
4733	20
4734	31
4735	33
4736	29
4737	39
4738	24
4739	34
4740	22
4741	34
4742	32
4743	25
4744	24
4745	30
4746	23
4747	31
4748	37
4749	28
4750	36
4751	34
4752	31
4753	27
4754	35
4755	27
4756	28
4757	32
4758	27
4759	24
4760	31
4761	25
4762	29
4763	30
4764	29
4765	32
4766	32
4767	34
4768	25
4769	26
4770	32
4771	30
4772	26
4773	32
4774	32
4775	28
4776	26
4777	27
4778	27
4779	24
4780	29
4781	26
4782	38
4783	41
4784	25
4785	27
4786	27
4787	22
4788	26
4789	39
4790	24
4791	26
4792	19
4793	39
4794	35
4795	23
4796	29
4797	34
4798	31
4799	30
4800	21
4801	24
4802	28
4803	28
4804	28
4805	34
4806	27
4807	22
4808	44
4809	31
4810	30
4811	30
4812	23
4813	34
4814	26
4815	35
4816	31
4817	32
4818	29
4819	28
4820	27
4821	34
4822	28
4823	35
4824	32
4825	29
4826	21
4827	31
4828	27
4829	38
4830	26
4831	36
4832	24
4833	30
4834	32
4835	23
4836	27
4837	23
4838	39
4839	29
4840	28
4841	33
4842	24
4843	27
4844	26
4845	22
4846	31
4847	34
4848	37
4849	33
4850	33
4851	33
4852	19
4853	32
4854	31
4855	25
4856	26
4857	39
4858	16
4859	27
4860	31
4861	25
4862	37
4863	33
4864	30
4865	33
4866	30
4867	31
4868	35
4869	39
4870	25
4871	34
4872	25
4873	33
4874	39
4875	38
4876	24
4877	27
4878	31
4879	31
4880	26
4881	35
4882	37
4883	35
4884	27
4885	36
4886	41
4887	30
4888	33
4889	32
4890	25
4891	31
4892	29
4893	34
4894	30
4895	38
4896	40
4897	37
4898	30
4899	35
4900	35
4901	31
4902	27
4903	31
4904	30
4905	33
4906	31
4907	26
4908	27
4909	29
4910	22
4911	27
4912	37
4913	38
4914	34
4915	37
4916	36
4917	23
4918	32
4919	31
4920	29
4921	25
4922	28
4923	30
4924	28
4925	26
4926	26
4927	22
4928	32
4929	36
4930	30
4931	28
4932	17
4933	28
4934	35
4935	20
4936	37
4937	30
4938	18
4939	34
4940	23
4941	33
4942	39
4943	27
4944	26
4945	26
4946	32
4947	34
4948	13
4949	30
4950	26
4951	28
4952	35
4953	35
4954	30
4955	31
4956	24
4957	27
4958	27
4959	29
4960	31
4961	29
4962	21
4963	26
4964	28
4965	28
4966	32
4967	35
4968	31
4969	26
4970	24
4971	32
4972	26
4973	29
4974	35
4975	26
4976	25
4977	38
4978	36
4979	35
4980	24
4981	21
4982	35
4983	26
4984	34
4985	35
4986	24
4987	36
4988	25
4989	23
4990	36
4991	27
4992	29
4993	21
4994	26
4995	35
4996	34
4997	37
4998	28
4999	24
5000	28
5001	26
5002	32
5003	33
5004	28
5005	30
5006	23
5007	20
5008	29
5009	32
5010	30
5011	25
5012	37
5013	37
5014	30
5015	32
5016	34
5017	30
5018	25
5019	40
5020	28
5021	23
5022	35
5023	28
5024	37
5025	39
5026	33
5027	30
5028	26
5029	33
5030	25
5031	35
5032	27
5033	32
5034	34
5035	19
5036	25
5037	24
5038	27
5039	36
5040	27
5041	32
5042	21
5043	31
5044	36
5045	20
5046	43
5047	26
5048	30
5049	25
5050	33
5051	35
5052	21
5053	26
5054	32
5055	30
5056	25
5057	36
5058	34
5059	19
5060	32
5061	27
5062	27
5063	24
5064	21
5065	22
5066	25
5067	27
5068	28
5069	28
5070	28
5071	26
5072	34
5073	29
5074	29
5075	28
5076	34
5077	22
5078	28
5079	23
5080	27
5081	31
5082	26
5083	38
5084	49
5085	31
5086	32
5087	29
5088	32
5089	31
5090	41
5091	39
5092	28
5093	32
5094	26
5095	31
5096	28
5097	27
5098	34
5099	26
5100	30
5101	32
5102	34
5103	24
5104	23
5105	29
5106	18
5107	21
5108	28
5109	22
5110	19
5111	33
5112	36
5113	32
5114	31
5115	37
5116	31
5117	29
5118	24
5119	21
5120	28
5121	29
5122	37
5123	34
5124	23
5125	19
5126	26
5127	28
5128	25
5129	23
5130	29
5131	32
5132	26
5133	34
5134	37
5135	30
5136	23
5137	18
5138	26
5139	22
5140	39
5141	22
5142	23
5143	32
5144	25
5145	25
5146	24
5147	35
5148	23
5149	27
5150	32
5151	31
5152	24
5153	23
5154	24
5155	26
5156	30
5157	30
5158	30
5159	35
5160	39
5161	27
5162	30
5163	28
5164	32
5165	21
5166	32
5167	36
5168	21
5169	38
5170	23
5171	27
5172	36
5173	41
5174	31
5175	30
5176	27
5177	29
5178	23
5179	18
5180	30
5181	43
5182	29
5183	18
5184	27
5185	26
5186	18
5187	26
5188	37
5189	36
5190	30
5191	34
5192	28
5193	35
5194	29
5195	29
5196	28
5197	32
5198	39
5199	28
5200	29
5201	37
5202	40
5203	24
5204	29
5205	38
5206	22
5207	26
5208	16
5209	35
5210	25
5211	26
5212	29
5213	29
5214	25
5215	31
5216	30
5217	22
5218	23
5219	42
5220	18
5221	25
5222	38
5223	30
5224	27
5225	25
5226	28
5227	28
5228	36
5229	24
5230	27
5231	29
5232	38
5233	23
5234	35
5235	33
5236	23
5237	29
5238	32
5239	20
5240	30
5241	27
5242	37
5243	24
5244	36
5245	29
5246	21
5247	31
5248	30
5249	29
5250	32
5251	27
5252	36
5253	23
5254	25
5255	24
5256	28
5257	35
5258	17
5259	23
5260	26
5261	29
5262	32
5263	33
5264	34
5265	30
5266	25
5267	26
5268	31
5269	30
5270	29
5271	27
5272	26
5273	31
5274	34
5275	23
5276	20
5277	26
5278	20
5279	30
5280	29
5281	33
5282	28
5283	30
5284	26
5285	38
5286	23
5287	29
5288	31
5289	23
5290	23
5291	30
5292	26
5293	31
5294	27
5295	27
5296	15
5297	25
5298	29
5299	39
5300	23
5301	31
5302	41
5303	26
5304	31
5305	29
5306	15
5307	35
5308	37
5309	36
5310	34
5311	28
5312	24
5313	27
5314	30
5315	32
5316	18
5317	43
5318	24
5319	33
5320	36
5321	42
5322	24
5323	30
5324	34
5325	30
5326	25
5327	28
5328	30
5329	37
5330	35
5331	26
5332	16
5333	33
5334	28
5335	31
5336	25
5337	22
5338	23
5339	21
5340	21
5341	19
5342	30
5343	25
5344	24
5345	25
5346	23
5347	22
5348	32
5349	17
5350	29
5351	27
5352	39
5353	29
5354	26
5355	25
5356	35
5357	33
5358	30
5359	27
5360	33
5361	34
5362	29
5363	28
5364	30
5365	35
5366	33
5367	38
5368	38
5369	22
5370	32
5371	31
5372	33
5373	22
5374	31
5375	29
5376	34
5377	25
5378	23
5379	19
5380	33
5381	26
5382	28
5383	30
5384	23
5385	34
5386	30
5387	18
5388	35
5389	23
5390	20
5391	44
5392	19
5393	31
5394	26
5395	33
5396	31
5397	30
5398	40
5399	33
5400	29
5401	16
5402	36
5403	33
5404	30
5405	35
5406	33
5407	33
5408	29
5409	28
5410	31
5411	34
5412	29
5413	26
5414	32
5415	24
5416	34
5417	32
5418	23
5419	22
5420	30
5421	35
5422	31
5423	24
5424	32
5425	32
5426	26
5427	34
5428	42
5429	38
5430	33
5431	32
5432	25
5433	28
5434	26
5435	28
5436	32
5437	32
5438	17
5439	22
5440	35
5441	30
5442	28
5443	26
5444	38
5445	32
5446	35
5447	39
5448	32
5449	27
5450	33
5451	40
5452	31
5453	32
5454	32
5455	31
5456	42
5457	33
5458	31
5459	37
5460	23
5461	31
5462	34
5463	34
5464	31
5465	29
5466	22
5467	26
5468	29
5469	19
5470	34
5471	45
5472	39
5473	37
5474	27
5475	26
5476	26
5477	33
5478	17
5479	32
5480	36
5481	28
5482	22
5483	38
5484	23
5485	25
5486	28
5487	41
5488	26
5489	27
5490	23
5491	33
5492	37
5493	27
5494	34
5495	19
5496	31
5497	30
5498	39
5499	33
5500	31
5501	28
5502	30
5503	38
5504	35
5505	24
5506	28
5507	32
5508	43
5509	34
5510	29
5511	23
5512	29
5513	30
5514	36
5515	31
5516	25
5517	29
5518	31
5519	28
5520	27
5521	27
5522	14
5523	37
5524	33
5525	27
5526	36
5527	23
5528	24
5529	34
5530	24
5531	30
5532	31
5533	31
5534	31
5535	30
5536	34
5537	29
5538	21
5539	24
5540	24
5541	29
5542	31
5543	23
5544	39
5545	29
5546	28
5547	27
5548	32
5549	37
5550	37
5551	31
5552	21
5553	38
5554	30
5555	33
5556	30
5557	34
5558	27
5559	36
5560	30
5561	21
5562	37
5563	23
5564	31
5565	22
5566	31
5567	26
5568	45
5569	37
5570	24
5571	29
5572	29
5573	23
5574	28
5575	27
5576	24
5577	28
5578	31
5579	25
5580	24
5581	31
5582	25
5583	27
5584	27
5585	43
5586	33
5587	26
5588	27
5589	30
5590	23
5591	28
5592	19
5593	29
5594	28
5595	27
5596	19
5597	31
5598	25
5599	35
5600	37
5601	32
5602	30
5603	26
5604	35
5605	22
5606	23
5607	22
5608	28
5609	21
5610	32
5611	29
5612	34
5613	39
5614	29
5615	29
5616	31
5617	27
5618	21
5619	21
5620	29
5621	30
5622	31
5623	34
5624	36
5625	27
5626	23
5627	29
5628	31
5629	25
5630	30
5631	23
5632	23
5633	29
5634	30
5635	40
5636	35
5637	23
5638	32
5639	31
5640	32
5641	28
5642	34
5643	40
5644	39
5645	34
5646	26
5647	33
5648	36
5649	27
5650	29
5651	32
5652	32
5653	26
5654	15
5655	22
5656	17
5657	26
5658	26
5659	22
5660	31
5661	26
5662	31
5663	28
5664	16
5665	32
5666	25
5667	22
5668	26
5669	29
5670	31
5671	26
5672	33
5673	30
5674	37
5675	24
5676	31
5677	30
5678	37
5679	24
5680	22
5681	34
5682	28
5683	27
5684	23
5685	23
5686	26
5687	25
5688	23
5689	27
5690	30
5691	18
5692	24
5693	31
5694	24
5695	30
5696	25
5697	15
5698	30
5699	28
5700	27
5701	30
5702	31
5703	34
5704	24
5705	25
5706	29
5707	23
5708	29
5709	28
5710	27
5711	23
5712	24
5713	27
5714	27
5715	16
5716	33
5717	35
5718	23
5719	26
5720	40
5721	20
5722	30
5723	32
5724	31
5725	28
5726	24
5727	27
5728	28
5729	38
5730	27
5731	27
5732	39
5733	35
5734	33
5735	20
5736	23
5737	25
5738	23
5739	30
5740	23
5741	27
5742	29
5743	18
5744	34
5745	29
5746	22
5747	32
5748	40
5749	31
5750	31
5751	36
5752	27
5753	28
5754	24
5755	20
5756	25
5757	20
5758	31
5759	28
5760	22
5761	20
5762	30
5763	22
5764	19
5765	20
5766	19
5767	18
5768	28
5769	23
5770	36
5771	31
5772	25
5773	30
5774	23
5775	27
5776	26
5777	26
5778	27
5779	39
5780	26
5781	28
5782	20
5783	27
5784	26
5785	24
5786	27
5787	31
5788	29
5789	21
5790	24
5791	27
5792	24
5793	24
5794	20
5795	22
5796	32
5797	23
5798	32
5799	32
5800	18
5801	36
5802	28
5803	25
5804	15
5805	32
5806	23
5807	24
5808	23
5809	32
5810	27
5811	30
5812	26
5813	33
5814	29
5815	22
5816	29
5817	25
5818	26
5819	16
5820	29
5821	34
5822	29
5823	24
5824	27
5825	26
5826	35
5827	36
5828	29
5829	17
5830	24
5831	29
5832	27
5833	25
5834	27
5835	27
5836	25
5837	24
5838	30
5839	31
5840	20
5841	29
5842	22
5843	24
5844	28
5845	34
5846	29
5847	27
5848	25
5849	36
5850	45
5851	35
5852	32
5853	26
5854	23
5855	28
5856	35
5857	27
5858	21
5859	40
5860	26
5861	22
5862	29
5863	24
5864	29
5865	26
5866	33
5867	22
5868	25
5869	26
5870	24
5871	19
5872	26
5873	30
5874	34
5875	21
5876	24
5877	24
5878	29
5879	24
5880	26
5881	28
5882	27
5883	32
5884	20
5885	23
5886	21
5887	28
5888	37
5889	26
5890	40
5891	32
5892	30
5893	27
5894	29
5895	26
5896	22
5897	28
5898	24
5899	30
5900	29
5901	29
5902	25
5903	28
5904	31
5905	29
5906	22
5907	32
5908	27
5909	24
5910	22
5911	26
5912	19
5913	15
5914	29
5915	25
5916	37
5917	34
5918	18
5919	32
5920	18
5921	33
5922	24
5923	22
5924	28
5925	35
5926	37
5927	20
5928	26
5929	33
5930	33
5931	24
5932	21
5933	25
5934	31
5935	18
5936	28
5937	28
5938	28
5939	30
5940	26
5941	25
5942	29
5943	22
5944	26
5945	26
5946	19
5947	28
5948	20
5949	25
5950	30
5951	27
5952	33
5953	29
5954	33
5955	34
5956	31
5957	20
5958	28
5959	31
5960	29
5961	20
5962	27
5963	27
5964	23
5965	29
5966	22
5967	25
5968	31
5969	27
5970	35
5971	36
5972	26
5973	16
5974	17
5975	24
5976	32
5977	21
5978	23
5979	40
5980	29
5981	32
5982	35
5983	26
5984	38
5985	35
5986	27
5987	19
5988	30
5989	30
5990	29
5991	24
5992	29
5993	23
5994	39
5995	36
5996	27
5997	31
5998	33
5999	33
6000	26
6001	19
6002	17
6003	19
6004	29
6005	26
6006	23
6007	29
6008	28
6009	26
6010	23
6011	30
6012	31
6013	29
6014	29
6015	28
6016	32
6017	26
6018	27
6019	22
6020	16
6021	25
6022	35
6023	40
6024	32
6025	19
6026	28
6027	23
6028	28
6029	27
6030	22
6031	45
6032	29
6033	34
6034	21
6035	23
6036	19
6037	32
6038	27
6039	22
6040	25
6041	28
6042	21
6043	26
6044	23
6045	23
6046	23
6047	26
6048	32
6049	27
6050	32
6051	22
6052	30
6053	32
6054	33
6055	26
6056	28
6057	33
6058	28
6059	31
6060	18
6061	24
6062	22
6063	20
6064	22
6065	37
6066	28
6067	21
6068	29
6069	24
6070	26
6071	40
6072	23
6073	20
6074	20
6075	32
6076	26
6077	26
6078	30
6079	30
6080	22
6081	25
6082	26
6083	28
6084	31
6085	34
6086	29
6087	26
6088	32
6089	23
6090	32
6091	31
6092	18
6093	31
6094	33
6095	28
6096	33
6097	33
6098	27
6099	29
6100	23
6101	33
6102	24
6103	32
6104	28
6105	25
6106	27
6107	31
6108	16
6109	30
6110	36
6111	30
6112	32
6113	31
6114	21
6115	28
6116	21
6117	25
6118	39
6119	39
6120	26
6121	24
6122	19
6123	20
6124	16
6125	27
6126	24
6127	23
6128	24
6129	25
6130	25
6131	23
6132	19
6133	30
6134	30
6135	31
6136	37
6137	33
6138	27
6139	31
6140	20
6141	23
6142	22
6143	35
6144	22
6145	32
6146	27
6147	24
6148	19
6149	29
6150	34
6151	28
6152	32
6153	27
6154	20
6155	32
6156	32
6157	28
6158	20
6159	36
6160	27
6161	27
6162	29
6163	39
6164	25
6165	28
6166	25
6167	24
6168	30
6169	29
6170	30
6171	27
6172	28
6173	23
6174	33
6175	30
6176	25
6177	28
6178	27
6179	31
6180	26
6181	26
6182	27
6183	22
6184	26
6185	22
6186	29
6187	25
6188	24
6189	23
6190	20
6191	21
6192	28
6193	26
6194	28
6195	29
6196	35
6197	19
6198	29
6199	18
6200	20
6201	25
6202	26
6203	17
6204	28
6205	25
6206	17
6207	30
6208	19
6209	26
6210	29
6211	24
6212	26
6213	27
6214	27
6215	19
6216	20
6217	21
6218	15
6219	30
6220	25
6221	18
6222	32
6223	33
6224	22
6225	21
6226	27
6227	25
6228	26
6229	37
6230	29
6231	29
6232	32
6233	21
6234	23
6235	33
6236	19
6237	17
6238	22
6239	23
6240	29
6241	20
6242	33
6243	21
6244	29
6245	33
6246	23
6247	42
6248	28
6249	24
6250	30
6251	33
6252	23
6253	33
6254	25
6255	28
6256	21
6257	27
6258	28
6259	31
6260	22
6261	34
6262	34
6263	28
6264	22
6265	32
6266	27
6267	25
6268	20
6269	24
6270	18
6271	28
6272	27
6273	44
6274	33
6275	33
6276	27
6277	30
6278	31
6279	36
6280	32
6281	33
6282	32
6283	25
6284	27
6285	31
6286	34
6287	26
6288	27
6289	31
6290	30
6291	24
6292	44
6293	33
6294	29
6295	31
6296	29
6297	32
6298	20
6299	34
6300	28
6301	27
6302	28
6303	34
6304	24
6305	39
6306	29
6307	25
6308	27
6309	27
6310	31
6311	28
6312	29
6313	24
6314	35
6315	18
6316	27
6317	32
6318	24
6319	31
6320	26
6321	35
6322	28
6323	22
6324	27
6325	22
6326	28
6327	33
6328	33
6329	27
6330	25
6331	20
6332	19
6333	29
6334	31
6335	31
6336	32
6337	26
6338	29
6339	25
6340	30
6341	27
6342	29
6343	24
6344	23
6345	25
6346	36
6347	32
6348	28
6349	20
6350	33
6351	28
6352	32
6353	36
6354	36
6355	35
6356	26
6357	24
6358	28
6359	29
6360	24
6361	22
6362	38
6363	33
6364	29
6365	26
6366	36
6367	28
6368	34
6369	25
6370	9
6371	23
6372	30
6373	38
6374	28
6375	28
6376	27
6377	25
6378	29
6379	29
6380	32
6381	34
6382	41
6383	32
6384	26
6385	40
6386	28
6387	40
6388	19
6389	25
6390	23
6391	32
6392	25
6393	27
6394	26
6395	22
6396	42
6397	31
6398	37
6399	32
6400	25
6401	37
6402	32
6403	25
6404	23
6405	30
6406	32
6407	43
6408	30
6409	22
6410	23
6411	23
6412	30
6413	35
6414	28
6415	27
6416	30
6417	33
6418	23
6419	28
6420	31
6421	27
6422	25
6423	27
6424	23
6425	31
6426	37
6427	28
6428	20
6429	27
6430	28
6431	31
6432	27
6433	19
6434	26
6435	21
6436	22
6437	29
6438	33
6439	22
6440	37
6441	27
6442	30
6443	24
6444	19
6445	25
6446	24
6447	25
6448	29
6449	27
6450	22
6451	32
6452	24
6453	30
6454	29
6455	29
6456	31
6457	24
6458	28
6459	34
6460	23
6461	27
6462	26
6463	28
6464	20
6465	23
6466	22
6467	25
6468	29
6469	27
6470	23
6471	32
6472	34
6473	28
6474	25
6475	27
6476	38
6477	18
6478	24
6479	24
6480	22
6481	29
6482	31
6483	18
6484	25
6485	19
6486	24
6487	24
6488	22
6489	39
6490	26
6491	35
6492	32
6493	20
6494	23
6495	32
6496	26
6497	34
6498	41
6499	34
6500	27
6501	24
6502	25
6503	25
6504	34
6505	24
6506	29
6507	25
6508	27
6509	30
6510	30
6511	32
6512	30
6513	30
6514	27
6515	27
6516	25
6517	27
6518	27
6519	34
6520	25
6521	25
6522	28
6523	25
6524	27
6525	28
6526	26
6527	21
6528	23
6529	28
6530	24
6531	25
6532	25
6533	25
6534	31
6535	25
6536	22
6537	18
6538	16
6539	17
6540	12
6541	28
6542	29
6543	23
6544	23
6545	22
6546	27
6547	23
6548	17
6549	22
6550	18
6551	30
6552	27
6553	15
6554	22
6555	34
6556	24
6557	27
6558	27
6559	32
6560	20
6561	27
6562	16
6563	26
6564	30
6565	23
6566	25
6567	29
6568	34
6569	19
6570	26
6571	31
6572	29
6573	32
6574	33
6575	31
6576	29
6577	28
6578	31
6579	29
6580	19
6581	30
6582	28
6583	31
6584	23
6585	31
6586	32
6587	33
6588	32
6589	23
6590	25
6591	25
6592	37
6593	20
6594	24
6595	25
6596	34
6597	18
6598	33
6599	19
6600	20
6601	26
6602	18
6603	25
6604	31
6605	23
6606	36
6607	25
6608	16
6609	23
6610	31
6611	24
6612	16
6613	15
6614	28
6615	30
6616	30
6617	19
6618	19
6619	20
6620	15
6621	24
6622	31
6623	21
6624	26
6625	23
6626	28
6627	23
6628	26
6629	24
6630	29
6631	30
6632	13
6633	23
6634	27
6635	22
6636	19
6637	27
6638	16
6639	23
6640	26
6641	19
6642	24
6643	16
6644	30
6645	32
6646	33
6647	27
6648	23
6649	28
6650	26
6651	26
6652	28
6653	20
6654	22
6655	31
6656	24
6657	19
6658	27
6659	12
6660	25
6661	22
6662	15
6663	25
6664	20
6665	20
6666	19
6667	16
6668	30
6669	23
6670	21
6671	30
6672	16
6673	29
6674	28
6675	26
6676	22
6677	17
6678	23
6679	15
6680	22
6681	22
6682	24
6683	30
6684	21
6685	20
6686	24
6687	35
6688	27
6689	21
6690	23
6691	15
6692	20
6693	26
6694	21
6695	25
6696	29
6697	27
6698	32
6699	27
6700	24
6701	22
6702	23
6703	27
6704	23
6705	20
6706	31
6707	26
6708	36
6709	24
6710	25
6711	27
6712	31
6713	19
6714	26
6715	23
6716	20
6717	25
6718	17
6719	21
6720	15
6721	19
6722	31
6723	28
6724	23
6725	22
6726	23
6727	33
6728	30
6729	24
6730	24
6731	23
6732	16
6733	22
6734	26
6735	28
6736	24
6737	20
6738	19
6739	17
6740	24
6741	21
6742	16
6743	20
6744	22
6745	17
6746	24
6747	24
6748	24
6749	22
6750	31
6751	17
6752	27
6753	17
6754	23
6755	19
6756	21
6757	32
6758	26
6759	20
6760	18
6761	33
6762	27
6763	19
6764	29
6765	24
6766	23
6767	21
6768	21
6769	22
6770	23
6771	24
6772	31
6773	28
6774	17
6775	22
6776	14
6777	14
6778	27
6779	25
6780	21
6781	23
6782	18
6783	24
6784	26
6785	27
6786	14
6787	20
6788	16
6789	28
6790	28
6791	25
6792	26
6793	28
6794	13
6795	28
6796	28
6797	25
6798	19
6799	26
6800	22
6801	20
6802	22
6803	20
6804	30
6805	28
6806	23
6807	26
6808	34
6809	27
6810	25
6811	18
6812	34
6813	25
6814	23
6815	21
6816	23
6817	26
6818	24
6819	29
6820	25
6821	23
6822	27
6823	25
6824	31
6825	30
6826	38
6827	17
6828	20
6829	21
6830	30
6831	21
6832	23
6833	23
6834	18
6835	28
6836	20
6837	26
6838	36
6839	28
6840	27
6841	14
6842	22
6843	25
6844	28
6845	31
6846	25
6847	26
6848	23
6849	29
6850	26
6851	17
6852	22
6853	27
6854	34
6855	24
6856	20
6857	37
6858	10
6859	21
6860	22
6861	21
6862	19
6863	22
6864	20
6865	22
6866	18
6867	21
6868	14
6869	21
6870	25
6871	24
6872	18
6873	21
6874	23
6875	22
6876	19
6877	22
6878	23
6879	28
6880	17
6881	23
6882	21
6883	17
6884	20
6885	17
6886	30
6887	24
6888	17
6889	22
6890	27
6891	21
6892	30
6893	30
6894	15
6895	24
6896	17
6897	28
6898	20
6899	30
6900	26
6901	27
6902	25
6903	18
6904	19
6905	26
6906	23
6907	23
6908	22
6909	17
6910	30
6911	27
6912	29
6913	26
6914	27
6915	23
6916	24
6917	27
6918	15
6919	19
6920	25
6921	15
6922	25
6923	28
6924	23
6925	23
6926	21
6927	23
6928	22
6929	18
6930	33
6931	25
6932	15
6933	25
6934	30
6935	25
6936	21
6937	21
6938	23
6939	27
6940	26
6941	24
6942	27
6943	16
6944	18
6945	18
6946	18
6947	36
6948	22
6949	20
6950	18
6951	33
6952	28
6953	16
6954	33
6955	20
6956	25
6957	19
6958	29
6959	20
6960	18
6961	33
6962	25
6963	24
6964	33
6965	17
6966	18
6967	26
6968	24
6969	21
6970	23
6971	22
6972	28
6973	24
6974	28
6975	25
6976	26
6977	32
6978	29
6979	19
6980	20
6981	14
6982	21
6983	15
6984	23
6985	20
6986	22
6987	26
6988	19
6989	40
6990	24
6991	23
6992	35
6993	19
6994	25
6995	23
6996	24
6997	23
6998	22
6999	16
7000	20
7001	23
7002	27
7003	22
7004	31
7005	19
7006	30
7007	20
7008	20
7009	26
7010	27
7011	21
7012	21
7013	29
7014	20
7015	25
7016	25
7017	14
7018	17
7019	22
7020	21
7021	29
7022	22
7023	26
7024	21
7025	22
7026	26
7027	32
7028	32
7029	23
7030	31
7031	15
7032	23
7033	20
7034	22
7035	17
7036	29
7037	24
7038	23
7039	24
7040	19
7041	28
7042	21
7043	25
7044	27
7045	25
7046	15
7047	22
7048	24
7049	23
7050	15
7051	27
7052	30
7053	27
7054	21
7055	20
7056	20
7057	26
7058	21
7059	22
7060	22
7061	18
7062	22
7063	23
7064	17
7065	29
7066	20
7067	15
7068	25
7069	24
7070	27
7071	29
7072	16
7073	24
7074	31
7075	23
7076	23
7077	22
7078	20
7079	20
7080	22
7081	22
7082	26
7083	29
7084	20
7085	16
7086	25
7087	20
7088	17
7089	19
7090	28
7091	16
7092	20
7093	18
7094	15
7095	21
7096	21
7097	17
7098	31
7099	23
7100	22
7101	18
7102	19
7103	21
7104	22
7105	19
7106	20
7107	25
7108	22
7109	20
7110	26
7111	18
7112	23
7113	25
7114	36
7115	23
7116	23
7117	29
7118	23
7119	22
7120	34
7121	28
7122	23
7123	24
7124	18
7125	19
7126	21
7127	24
7128	28
7129	28
7130	21
7131	24
7132	20
7133	16
7134	18
7135	25
7136	25
7137	24
7138	19
7139	21
7140	27
7141	15
7142	21
7143	26
7144	23
7145	21
7146	30
7147	19
7148	21
7149	22
7150	26
7151	24
7152	18
7153	16
7154	23
7155	26
7156	25
7157	29
7158	24
7159	27
7160	23
7161	26
7162	26
7163	24
7164	25
7165	36
7166	26
7167	25
7168	26
7169	23
7170	27
7171	24
7172	22
7173	18
7174	23
7175	18
7176	22
7177	22
7178	26
7179	18
7180	27
7181	37
7182	21
7183	22
7184	28
7185	14
7186	26
7187	23
7188	32
7189	33
7190	29
7191	20
7192	23
7193	22
7194	30
7195	22
7196	17
7197	21
7198	29
7199	33
7200	24
7201	21
7202	34
7203	27
7204	17
7205	22
7206	27
7207	27
7208	24
7209	26
7210	28
7211	30
7212	29
7213	25
7214	26
7215	35
7216	23
7217	26
7218	31
7219	24
7220	29
7221	26
7222	28
7223	19
7224	20
7225	23
7226	21
7227	31
7228	30
7229	29
7230	24
7231	31
7232	23
7233	26
7234	27
7235	26
7236	28
7237	23
7238	27
7239	33
7240	20
7241	27
7242	34
7243	23
7244	28
7245	26
7246	28
7247	22
7248	22
7249	29
7250	28
7251	22
7252	22
7253	16
7254	32
7255	24
7256	16
7257	21
7258	31
7259	30
7260	21
7261	22
7262	22
7263	24
7264	23
7265	25
7266	20
7267	18
7268	27
7269	32
7270	27
7271	23
7272	26
7273	25
7274	32
7275	24
7276	25
7277	22
7278	21
7279	35
7280	17
7281	26
7282	20
7283	31
7284	35
7285	35
7286	31
7287	26
7288	24
7289	29
7290	23
7291	24
7292	27
7293	25
7294	27
7295	24
7296	27
7297	16
7298	28
7299	28
7300	28
7301	19
7302	34
7303	17
7304	27
7305	20
7306	23
7307	29
7308	25
7309	26
7310	24
7311	25
7312	23
7313	28
7314	25
7315	25
7316	32
7317	23
7318	38
7319	27
7320	23
7321	29
7322	15
7323	22
7324	16
7325	33
7326	20
7327	22
7328	33
7329	19
7330	24
7331	19
7332	30
7333	17
7334	22
7335	22
7336	20
7337	30
7338	24
7339	29
7340	26
7341	33
7342	26
7343	26
7344	30
7345	24
7346	25
7347	24
7348	22
7349	31
7350	25
7351	30
7352	30
7353	36
7354	17
7355	32
7356	26
7357	27
7358	25
7359	36
7360	23
7361	29
7362	26
7363	23
7364	24
7365	27
7366	29
7367	21
7368	28
7369	34
7370	28
7371	19
7372	37
7373	26
7374	21
7375	17
7376	30
7377	25
7378	32
7379	26
7380	26
7381	25
7382	22
7383	31
7384	30
7385	31
7386	28
7387	29
7388	31
7389	29
7390	34
7391	29
7392	22
7393	18
7394	20
7395	29
7396	20
7397	18
7398	16
7399	22
7400	24
7401	25
7402	28
7403	25
7404	24
7405	27
7406	35
7407	25
7408	24
7409	29
7410	37
7411	27
7412	21
7413	30
7414	25
7415	24
7416	26
7417	31
7418	30
7419	26
7420	23
7421	30
7422	27
7423	28
7424	28
7425	16
7426	24
7427	22
7428	26
7429	24
7430	30
7431	30
7432	33
7433	31
7434	25
7435	35
7436	21
7437	25
7438	26
7439	18
7440	27
7441	20
7442	20
7443	33
7444	26
7445	17
7446	33
7447	19
7448	31
7449	33
7450	30
7451	33
7452	23
7453	25
7454	26
7455	26
7456	31
7457	29
7458	31
7459	26
7460	31
7461	30
7462	20
7463	23
7464	30
7465	31
7466	19
7467	11
7468	22
7469	19
7470	34
7471	30
7472	22
7473	22
7474	22
7475	25
7476	34
7477	23
7478	31
7479	23
7480	22
7481	29
7482	31
7483	34
7484	21
7485	32
7486	38
7487	20
7488	30
7489	24
7490	20
7491	12
7492	33
7493	32
7494	23
7495	27
7496	20
7497	30
7498	27
7499	30
7500	32
7501	23
7502	34
7503	29
7504	29
7505	29
7506	34
7507	26
7508	19
7509	23
7510	29
7511	30
7512	32
7513	30
7514	29
7515	36
7516	35
7517	25
7518	29
7519	22
7520	35
7521	37
7522	24
7523	28
7524	25
7525	33
7526	20
7527	32
7528	30
7529	23
7530	30
7531	35
7532	26
7533	36
7534	24
7535	32
7536	27
7537	26
7538	29
7539	20
7540	32
7541	35
7542	37
7543	25
7544	32
7545	29
7546	29
7547	26
7548	29
7549	27
7550	24
7551	39
7552	30
7553	12
7554	18
7555	36
7556	40
7557	27
7558	34
7559	33
7560	36
7561	31
7562	30
7563	28
7564	28
7565	31
7566	32
7567	24
7568	23
7569	40
7570	34
7571	25
7572	23
7573	33
7574	35
7575	22
7576	21
7577	28
7578	24
7579	22
7580	40
7581	35
7582	21
7583	36
7584	28
7585	31
7586	34
7587	25
7588	31
7589	28
7590	27
7591	36
7592	29
7593	30
7594	30
7595	32
7596	28
7597	29
7598	29
7599	33
7600	25
7601	25
7602	24
7603	25
7604	22
7605	29
7606	35
7607	36
7608	29
7609	32
7610	24
7611	35
7612	24
7613	36
7614	25
7615	32
7616	33
7617	27
7618	37
7619	28
7620	29
7621	35
7622	24
7623	32
7624	36
7625	46
7626	28
7627	24
7628	34
7629	36
7630	31
7631	28
7632	25
7633	21
7634	26
7635	27
7636	24
7637	34
7638	30
7639	26
7640	30
7641	31
7642	44
7643	31
7644	23
7645	33
7646	20
7647	32
7648	37
7649	31
7650	32
7651	34
7652	27
7653	29
7654	21
7655	45
7656	37
7657	30
7658	36
7659	20
7660	40
7661	26
7662	37
7663	29
7664	35
7665	25
7666	29
7667	31
7668	30
7669	31
7670	37
7671	31
7672	18
7673	26
7674	30
7675	36
7676	26
7677	33
7678	20
7679	34
7680	25
7681	44
7682	22
7683	25
7684	24
7685	24
7686	27
7687	29
7688	24
7689	26
7690	30
7691	21
7692	31
7693	31
7694	24
7695	30
7696	19
7697	32
7698	32
7699	31
7700	20
7701	21
7702	22
7703	30
7704	34
7705	29
7706	30
7707	27
7708	36
7709	30
7710	38
7711	36
7712	30
7713	28
7714	26
7715	32
7716	32
7717	29
7718	36
7719	23
7720	26
7721	28
7722	34
7723	27
7724	24
7725	29
7726	34
7727	23
7728	30
7729	30
7730	19
7731	18
7732	20
7733	27
7734	33
7735	31
7736	30
7737	29
7738	35
7739	25
7740	22
7741	29
7742	31
7743	27
7744	29
7745	30
7746	33
7747	35
7748	26
7749	28
7750	29
7751	39
7752	30
7753	31
7754	28
7755	30
7756	35
7757	28
7758	26
7759	30
7760	30
7761	28
7762	38
7763	23
7764	30
7765	25
7766	29
7767	29
7768	35
7769	33
7770	22
7771	31
7772	32
7773	40
7774	38
7775	25
7776	23
7777	30
7778	19
7779	27
7780	19
7781	19
7782	20
7783	37
7784	32
7785	30
7786	31
7787	29
7788	24
7789	25
7790	43
7791	25
7792	29
7793	24
7794	34
7795	34
7796	31
7797	23
7798	19
7799	34
7800	22
7801	29
7802	28
7803	22
7804	24
7805	18
7806	23
7807	21
7808	26
7809	33
7810	32
7811	30
7812	28
7813	35
7814	28
7815	25
7816	34
7817	35
7818	31
7819	40
7820	30
7821	25
7822	26
7823	27
7824	29
7825	34
7826	24
7827	25
7828	23
7829	30
7830	30
7831	36
7832	29
7833	30
7834	23
7835	24
7836	22
7837	30
7838	25
7839	25
7840	35
7841	35
7842	34
7843	30
7844	26
7845	19
7846	21
7847	22
7848	29
7849	27
7850	29
7851	23
7852	21
7853	31
7854	24
7855	34
7856	34
7857	28
7858	25
7859	25
7860	37
7861	28
7862	31
7863	30
7864	22
7865	26
7866	38
7867	26
7868	29
7869	33
7870	24
7871	20
7872	31
7873	26
7874	14
7875	14
7876	24
7877	29
7878	29
7879	28
7880	20
7881	30
7882	28
7883	26
7884	26
7885	26
7886	35
7887	21
7888	29
7889	29
7890	22
7891	26
7892	30
7893	20
7894	18
7895	21
7896	19
7897	30
7898	33
7899	23
7900	26
7901	30
7902	35
7903	19
7904	27
7905	22
7906	24
7907	23
7908	27
7909	15
7910	27
7911	23
7912	22
7913	19
7914	25
7915	33
7916	21
7917	18
7918	20
7919	17
7920	30
7921	28
7922	14
7923	24
7924	24
7925	30
7926	15
7927	24
7928	29
7929	22
7930	24
7931	16
7932	30
7933	37
7934	19
7935	13
7936	33
7937	18
7938	21
7939	31
7940	25
7941	24
7942	24
7943	28
7944	20
7945	29
7946	28
7947	15
7948	27
7949	26
7950	32
7951	18
7952	33
7953	18
7954	23
7955	20
7956	21
7957	30
7958	17
7959	25
7960	20
7961	25
7962	23
7963	19
7964	24
7965	28
7966	21
7967	24
7968	25
7969	19
7970	24
7971	22
7972	28
7973	16
7974	26
7975	23
7976	21
7977	27
7978	21
7979	16
7980	22
7981	25
7982	23
7983	23
7984	20
7985	29
7986	29
7987	19
7988	25
7989	20
7990	31
7991	18
7992	22
7993	19
7994	29
7995	28
7996	28
7997	22
7998	17
7999	29
8000	28
8001	20
8002	25
8003	23
8004	22
8005	22
8006	25
8007	22
8008	30
8009	15
8010	23
8011	19
8012	26
8013	22
8014	14
8015	29
8016	34
8017	23
8018	22
8019	22
8020	31
8021	28
8022	21
8023	26
8024	26
8025	22
8026	29
8027	21
8028	17
8029	25
8030	22
8031	22
8032	32
8033	28
8034	29
8035	39
8036	29
8037	25
8038	35
8039	29
8040	15
8041	23
8042	22
8043	20
8044	24
8045	18
8046	20
8047	30
8048	21
8049	28
8050	28
8051	23
8052	28
8053	27
8054	25
8055	24
8056	26
8057	26
8058	23
8059	21
8060	25
8061	34
8062	17
8063	28
8064	29
8065	29
8066	28
8067	26
8068	17
8069	23
8070	28
8071	26
8072	25
8073	20
8074	22
8075	28
8076	19
8077	28
8078	25
8079	24
8080	25
8081	22
8082	20
8083	29
8084	28
8085	28
8086	27
8087	21
8088	27
8089	27
8090	24
8091	25
8092	24
8093	26
8094	23
8095	30
8096	20
8097	21
8098	23
8099	17
8100	20
8101	26
8102	20
8103	23
8104	23
8105	32
8106	16
8107	27
8108	26
8109	25
8110	25
8111	24
8112	24
8113	26
8114	26
8115	29
8116	18
8117	29
8118	24
8119	20
8120	23
8121	27
8122	21
8123	28
8124	21
8125	22
8126	17
8127	22
8128	20
8129	26
8130	19
8131	25
8132	24
8133	24
8134	29
8135	27
8136	24
8137	24
8138	25
8139	38
8140	19
8141	20
8142	24
8143	22
8144	20
8145	36
8146	21
8147	20
8148	23
8149	20
8150	18
8151	28
8152	17
8153	24
8154	15
8155	25
8156	23
8157	32
8158	23
8159	34
8160	24
8161	26
8162	16
8163	24
8164	13
8165	19
8166	24
8167	23
8168	25
8169	30
8170	21
8171	18
8172	37
8173	24
8174	24
8175	22
8176	27
8177	16
8178	22
8179	18
8180	28
8181	27
8182	25
8183	19
8184	27
8185	22
8186	29
8187	12
8188	26
8189	18
8190	24
8191	20
8192	23
8193	15
8194	29
8195	15
8196	13
8197	26
8198	21
8199	13
8200	19
8201	17
8202	18
8203	24
8204	22
8205	26
8206	18
8207	18
8208	21
8209	23
8210	16
8211	27
8212	20
8213	14
8214	20
8215	24
8216	19
8217	27
8218	20
8219	25
8220	21
8221	18
8222	24
8223	13
8224	12
8225	25
8226	19
8227	8
8228	18
8229	25
8230	21
8231	20
8232	16
8233	27
8234	34
8235	19
8236	22
8237	18
8238	13
8239	14
8240	24
8241	27
8242	14
8243	24
8244	26
8245	21
8246	24
8247	20
8248	21
8249	22
8250	25
8251	18
8252	25
8253	19
8254	18
8255	24
8256	29
8257	21
8258	16
8259	17
8260	20
8261	20
8262	22
8263	16
8264	30
8265	13
8266	18
8267	21
8268	19
8269	25
8270	24
8271	24
8272	15
8273	23
8274	21
8275	18
8276	17
8277	17
8278	21
8279	21
8280	14
8281	19
8282	21
8283	22
8284	20
8285	18
8286	16
8287	18
8288	19
8289	13
8290	22
8291	19
8292	20
8293	21
8294	21
8295	26
8296	24
8297	24
8298	25
8299	18
8300	26
8301	23
8302	16
8303	17
8304	20
8305	18
8306	24
8307	26
8308	16
8309	16
8310	12
8311	22
8312	21
8313	18
8314	17
8315	15
8316	29
8317	24
8318	28
8319	18
8320	24
8321	17
8322	21
8323	20
8324	25
8325	14
8326	20
8327	21
8328	23
8329	19
8330	19
8331	28
8332	15
8333	26
8334	18
8335	14
8336	20
8337	10
8338	17
8339	21
8340	27
8341	17
8342	18
8343	22
8344	25
8345	18
8346	17
8347	21
8348	19
8349	26
8350	22
8351	21
8352	14
8353	12
8354	17
8355	20
8356	20
8357	23
8358	17
8359	14
8360	28
8361	17
8362	20
8363	16
8364	25
8365	20
8366	15
8367	19
8368	17
8369	12
8370	14
8371	28
8372	18
8373	28
8374	17
8375	15
8376	15
8377	17
8378	16
8379	24
8380	20
8381	20
8382	15
8383	23
8384	9
8385	19
8386	20
8387	29
8388	11
8389	23
8390	21
8391	26
8392	30
8393	26
8394	14
8395	23
8396	23
8397	18
8398	19
8399	20
8400	16
8401	23
8402	22
8403	18
8404	18
8405	20
8406	18
8407	27
8408	17
8409	20
8410	29
8411	15
8412	11
8413	13
8414	22
8415	15
8416	14
8417	21
8418	19
8419	16
8420	22
8421	22
8422	18
8423	10
8424	21
8425	28
8426	23
8427	14
8428	14
8429	21
8430	16
8431	23
8432	19
8433	22
8434	25
8435	8
8436	18
8437	13
8438	20
8439	19
8440	16
8441	15
8442	24
8443	25
8444	18
8445	21
8446	15
8447	14
8448	27
8449	17
8450	22
8451	17
8452	21
8453	19
8454	23
8455	19
8456	17
8457	9
8458	22
8459	14
8460	22
8461	27
8462	21
8463	18
8464	17
8465	22
8466	11
8467	19
8468	20
8469	13
8470	24
8471	27
8472	27
8473	21
8474	14
8475	30
8476	22
8477	14
8478	19
8479	27
8480	23
8481	17
8482	27
8483	23
8484	28
8485	22
8486	24
8487	17
8488	22
8489	18
8490	27
8491	23
8492	25
8493	20
8494	5
8495	25
8496	19
8497	21
8498	9
8499	22
8500	22
8501	19
8502	23
8503	30
8504	19
8505	24
8506	18
8507	27
8508	26
8509	21
8510	26
8511	20
8512	27
8513	21
8514	17
8515	25
8516	14
8517	20
8518	22
8519	15
8520	8
8521	11
8522	19
8523	24
8524	17
8525	26
8526	25
8527	14
8528	18
8529	24
8530	14
8531	18
8532	15
8533	6
8534	18
8535	18
8536	13
8537	17
8538	21
8539	16
8540	24
8541	20
8542	22
8543	14
8544	19
8545	26
8546	20
8547	18
8548	16
8549	13
8550	22
8551	16
8552	26
8553	23
8554	18
8555	13
8556	22
8557	22
8558	19
8559	19
8560	17
8561	23
8562	13
8563	19
8564	25
8565	26
8566	23
8567	21
8568	19
8569	23
8570	26
8571	15
8572	26
8573	18
8574	19
8575	29
8576	19
8577	10
8578	19
8579	21
8580	21
8581	17
8582	12
8583	19
8584	14
8585	20
8586	20
8587	17
8588	16
8589	10
8590	17
8591	21
8592	15
8593	19
8594	21
8595	12
8596	22
8597	13
8598	20
8599	20
8600	14
8601	15
8602	18
8603	21
8604	15
8605	24
8606	15
8607	17
8608	14
8609	17
8610	16
8611	21
8612	18
8613	18
8614	14
8615	21
8616	16
8617	11
8618	23
8619	13
8620	18
8621	24
8622	24
8623	20
8624	23
8625	12
8626	16
8627	19
8628	19
8629	20
8630	21
8631	23
8632	16
8633	26
8634	17
8635	23
8636	19
8637	16
8638	23
8639	11
8640	25
8641	14
8642	17
8643	21
8644	24
8645	15
8646	21
8647	28
8648	16
8649	17
8650	20
8651	25
8652	21
8653	17
8654	9
8655	21
8656	17
8657	17
8658	19
8659	13
8660	16
8661	32
8662	16
8663	27
8664	29
8665	18
8666	26
8667	15
8668	21
8669	11
8670	23
8671	15
8672	12
8673	22
8674	18
8675	19
8676	23
8677	24
8678	23
8679	23
8680	17
8681	20
8682	25
8683	11
8684	18
8685	28
8686	26
8687	20
8688	15
8689	25
8690	25
8691	20
8692	21
8693	21
8694	18
8695	31
8696	26
8697	20
8698	22
8699	13
8700	27
8701	16
8702	21
8703	22
8704	17
8705	22
8706	20
8707	22
8708	24
8709	20
8710	16
8711	15
8712	17
8713	19
8714	21
8715	17
8716	16
8717	24
8718	19
8719	13
8720	14
8721	10
8722	17
8723	23
8724	30
8725	25
8726	11
8727	28
8728	18
8729	17
8730	19
8731	22
8732	28
8733	15
8734	20
8735	18
8736	20
8737	18
8738	27
8739	21
8740	27
8741	21
8742	17
8743	18
8744	18
8745	20
8746	12
8747	15
8748	22
8749	26
8750	27
8751	23
8752	15
8753	19
8754	25
8755	21
8756	13
8757	18
8758	14
8759	14
8760	21
8761	25
8762	17
8763	22
8764	22
8765	12
8766	19
8767	18
8768	9
8769	16
8770	26
8771	22
8772	22
8773	15
8774	24
8775	12
8776	12
8777	16
8778	8
8779	19
8780	15
8781	19
8782	21
8783	15
8784	20
8785	18
8786	16
8787	23
8788	17
8789	21
8790	16
8791	10
8792	16
8793	15
8794	17
8795	17
8796	23
8797	18
8798	24
8799	20
8800	18
8801	18
8802	15
8803	18
8804	14
8805	21
8806	14
8807	16
8808	12
8809	19
8810	20
8811	18
8812	20
8813	26
8814	23
8815	20
8816	18
8817	24
8818	19
8819	21
8820	17
8821	23
8822	25
8823	15
8824	18
8825	24
8826	9
8827	30
8828	23
8829	28
8830	21
8831	13
8832	17
8833	25
8834	27
8835	23
8836	23
8837	14
8838	15
8839	21
8840	18
8841	25
8842	18
8843	13
8844	11
8845	15
8846	25
8847	17
8848	11
8849	15
8850	21
8851	15
8852	17
8853	12
8854	19
8855	18
8856	13
8857	23
8858	13
8859	14
8860	13
8861	22
8862	26
8863	13
8864	15
8865	15
8866	18
8867	16
8868	16
8869	12
8870	15
8871	20
8872	20
8873	15
8874	29
8875	21
8876	11
8877	16
8878	22
8879	14
8880	26
8881	16
8882	20
8883	14
8884	21
8885	21
8886	14
8887	11
8888	12
8889	18
8890	17
8891	18
8892	23
8893	16
8894	15
8895	20
8896	14
8897	15
8898	17
8899	24
8900	18
8901	24
8902	13
8903	16
8904	23
8905	23
8906	15
8907	31
8908	13
8909	15
8910	18
8911	16
8912	11
8913	18
8914	25
8915	22
8916	14
8917	10
8918	11
8919	18
8920	15
8921	18
8922	15
8923	21
8924	12
8925	20
8926	24
8927	20
8928	23
8929	17
8930	15
8931	16
8932	16
8933	17
8934	17
8935	16
8936	22
8937	15
8938	18
8939	18
8940	16
8941	21
8942	18
8943	14
8944	20
8945	15
8946	10
8947	24
8948	22
8949	16
8950	17
8951	18
8952	20
8953	10
8954	19
8955	13
8956	16
8957	17
8958	20
8959	12
8960	13
8961	16
8962	11
8963	21
8964	18
8965	16
8966	17
8967	13
8968	16
8969	20
8970	12
8971	20
8972	19
8973	19
8974	14
8975	28
8976	22
8977	22
8978	13
8979	16
8980	15
8981	13
8982	17
8983	9
8984	13
8985	21
8986	17
8987	10
8988	19
8989	9
8990	12
8991	16
8992	15
8993	18
8994	13
8995	16
8996	13
8997	25
8998	19
8999	16
9000	15
9001	26
9002	17
9003	17
9004	12
9005	16
9006	23
9007	19
9008	18
9009	9
9010	16
9011	7
9012	15
9013	11
9014	17
9015	20
9016	17
9017	20
9018	13
9019	14
9020	11
9021	10
9022	13
9023	15
9024	19
9025	11
9026	20
9027	22
9028	12
9029	14
9030	14
9031	11
9032	11
9033	18
9034	15
9035	20
9036	15
9037	12
9038	12
9039	12
9040	12
9041	17
9042	21
9043	18
9044	13
9045	17
9046	20
9047	12
9048	10
9049	15
9050	13
9051	12
9052	20
9053	15
9054	19
9055	23
9056	15
9057	18
9058	19
9059	12
9060	19
9061	17
9062	15
9063	22
9064	15
9065	18
9066	20
9067	18
9068	17
9069	14
9070	11
9071	24
9072	10
9073	13
9074	14
9075	13
9076	12
9077	10
9078	18
9079	19
9080	18
9081	27
9082	17
9083	11
9084	11
9085	16
9086	12
9087	15
9088	15
9089	16
9090	17
9091	19
9092	20
9093	13
9094	17
9095	13
9096	14
9097	19
9098	23
9099	15
9100	13
9101	28
9102	21
9103	17
9104	15
9105	19
9106	15
9107	8
9108	18
9109	9
9110	15
9111	15
9112	17
9113	16
9114	9
9115	11
9116	12
9117	12
9118	20
9119	18
9120	9
9121	17
9122	14
9123	12
9124	16
9125	7
9126	14
9127	24
9128	22
9129	15
9130	8
9131	13
9132	17
9133	22
9134	14
9135	11
9136	10
9137	19
9138	13
9139	12
9140	19
9141	19
9142	18
9143	18
9144	14
9145	16
9146	18
9147	27
9148	20
9149	22
9150	14
9151	18
9152	17
9153	18
9154	24
9155	15
9156	10
9157	22
9158	26
9159	15
9160	17
9161	14
9162	19
9163	18
9164	11
9165	20
9166	16
9167	16
9168	16
9169	20
9170	17
9171	8
9172	18
9173	18
9174	16
9175	17
9176	11
9177	21
9178	21
9179	20
9180	19
9181	22
9182	21
9183	12
9184	15
9185	22
9186	17
9187	13
9188	14
9189	11
9190	17
9191	19
9192	14
9193	14
9194	18
9195	17
9196	19
9197	23
9198	16
9199	15
9200	21
9201	16
9202	13
9203	17
9204	21
9205	14
9206	9
9207	23
9208	18
9209	16
9210	14
9211	23
9212	15
9213	14
9214	17
9215	17
9216	15
9217	17
9218	11
9219	11
9220	14
9221	16
9222	17
9223	13
9224	18
9225	11
9226	19
9227	17
9228	16
9229	18
9230	13
9231	9
9232	21
9233	19
9234	17
9235	11
9236	18
9237	14
9238	18
9239	9
9240	20
9241	15
9242	19
9243	19
9244	19
9245	12
9246	11
9247	22
9248	18
9249	17
9250	20
9251	16
9252	19
9253	11
9254	19
9255	13
9256	15
9257	16
9258	18
9259	26
9260	21
9261	16
9262	25
9263	18
9264	16
9265	17
9266	17
9267	16
9268	14
9269	15
9270	15
9271	22
9272	11
9273	26
9274	12
9275	17
9276	21
9277	11
9278	25
9279	21
9280	14
9281	12
9282	17
9283	17
9284	12
9285	16
9286	17
9287	18
9288	11
9289	22
9290	14
9291	17
9292	18
9293	20
9294	18
9295	20
9296	16
9297	9
9298	16
9299	23
9300	29
9301	21
9302	16
9303	26
9304	17
9305	25
9306	18
9307	15
9308	22
9309	21
9310	17
9311	16
9312	22
9313	18
9314	15
9315	18
9316	18
9317	18
9318	19
9319	18
9320	19
9321	22
9322	23
9323	12
9324	21
9325	27
9326	21
9327	20
9328	12
9329	22
9330	14
9331	22
9332	13
9333	9
9334	20
9335	12
9336	23
9337	19
9338	25
9339	12
9340	15
9341	17
9342	25
9343	21
9344	9
9345	13
9346	17
9347	21
9348	21
9349	20
9350	13
9351	19
9352	20
9353	18
9354	14
9355	21
9356	19
9357	12
9358	13
9359	20
9360	14
9361	18
9362	12
9363	13
9364	20
9365	13
9366	30
9367	11
9368	8
9369	17
9370	22
9371	10
9372	13
9373	20
9374	16
9375	9
9376	11
9377	15
9378	13
9379	16
9380	13
9381	18
9382	14
9383	19
9384	22
9385	17
9386	16
9387	17
9388	15
9389	23
9390	15
9391	24
9392	15
9393	11
9394	19
9395	17
9396	18
9397	12
9398	21
9399	14
9400	15
9401	15
9402	18
9403	16
9404	18
9405	22
9406	10
9407	13
9408	12
9409	15
9410	17
9411	9
9412	18
9413	21
9414	9
9415	14
9416	20
9417	11
9418	19
9419	21
9420	15
9421	17
9422	24
9423	22
9424	18
9425	27
9426	17
9427	9
9428	14
9429	18
9430	23
9431	17
9432	9
9433	13
9434	14
9435	13
9436	12
9437	16
9438	17
9439	16
9440	21
9441	12
9442	13
9443	19
9444	20
9445	17
9446	15
9447	18
9448	23
9449	17
9450	13
9451	15
9452	22
9453	15
9454	18
9455	17
9456	13
9457	13
9458	8
9459	13
9460	23
9461	15
9462	16
9463	18
9464	29
9465	14
9466	24
9467	15
9468	12
9469	14
9470	14
9471	18
9472	18
9473	17
9474	12
9475	16
9476	18
9477	24
9478	13
9479	9
9480	17
9481	24
9482	19
9483	15
9484	15
9485	11
9486	20
9487	17
9488	11
9489	16
9490	10
9491	13
9492	20
9493	15
9494	15
9495	24
9496	16
9497	14
9498	21
9499	21
9500	22
9501	13
9502	21
9503	16
9504	13
9505	18
9506	19
9507	15
9508	19
9509	13
9510	20
9511	19
9512	19
9513	17
9514	15
9515	18
9516	13
9517	14
9518	14
9519	13
9520	23
9521	18
9522	27
9523	20
9524	11
9525	15
9526	18
9527	15
9528	24
9529	13
9530	23
9531	15
9532	17
9533	24
9534	23
9535	25
9536	22
9537	18
9538	17
9539	11
9540	11
9541	18
9542	9
9543	18
9544	9
9545	23
9546	15
9547	15
9548	21
9549	16
9550	13
9551	20
9552	19
9553	23
9554	13
9555	15
9556	14
9557	15
9558	16
9559	11
9560	18
9561	19
9562	17
9563	16
9564	11
9565	17
9566	13
9567	27
9568	18
9569	15
9570	25
9571	17
9572	17
9573	11
9574	16
9575	20
9576	22
9577	11
9578	15
9579	10
9580	17
9581	18
9582	16
9583	14
9584	21
9585	15
9586	22
9587	22
9588	14
9589	23
9590	13
9591	9
9592	20
9593	12
9594	22
9595	11
9596	20
9597	20
9598	16
9599	18
9600	11
9601	18
9602	17
9603	16
9604	17
9605	16
9606	7
9607	23
9608	12
9609	13
9610	21
9611	23
9612	19
9613	21
9614	7
9615	13
9616	19
9617	20
9618	27
9619	18
9620	13
9621	19
9622	19
9623	13
9624	12
9625	14
9626	20
9627	21
9628	23
9629	16
9630	18
9631	19
9632	19
9633	22
9634	12
9635	14
9636	14
9637	17
9638	15
9639	15
9640	16
9641	17
9642	16
9643	20
9644	15
9645	24
9646	18
9647	16
9648	16
9649	15
9650	13
9651	18
9652	8
9653	21
9654	22
9655	16
9656	24
9657	21
9658	11
9659	20
9660	22
9661	15
9662	18
9663	17
9664	14
9665	18
9666	18
9667	17
9668	20
9669	21
9670	14
9671	17
9672	18
9673	19
9674	23
9675	16
9676	14
9677	23
9678	14
9679	15
9680	11
9681	23
9682	15
9683	24
9684	11
9685	21
9686	15
9687	17
9688	25
9689	19
9690	17
9691	19
9692	26
9693	13
9694	17
9695	16
9696	23
9697	18
9698	13
9699	12
9700	17
9701	15
9702	16
9703	14
9704	15
9705	20
9706	14
9707	12
9708	16
9709	11
9710	15
9711	19
9712	13
9713	15
9714	13
9715	19
9716	21
9717	18
9718	21
9719	17
9720	17
9721	13
9722	12
9723	14
9724	15
9725	17
9726	13
9727	17
9728	25
9729	16
9730	19
9731	11
9732	18
9733	16
9734	10
9735	13
9736	15
9737	21
9738	21
9739	23
9740	20
9741	22
9742	16
9743	18
9744	14
9745	31
9746	23
9747	19
9748	28
9749	24
9750	18
9751	18
9752	14
9753	11
9754	20
9755	13
9756	13
9757	19
9758	15
9759	13
9760	14
9761	15
9762	20
9763	16
9764	15
9765	20
9766	16
9767	16
9768	23
9769	12
9770	12
9771	19
9772	21
9773	19
9774	16
9775	17
9776	15
9777	14
9778	19
9779	22
9780	12
9781	20
9782	13
9783	18
9784	13
9785	14
9786	16
9787	19
9788	13
9789	23
9790	16
9791	11
9792	18
9793	20
9794	11
9795	14
9796	23
9797	16
9798	17
9799	7
9800	21
9801	16
9802	18
9803	18
9804	17
9805	18
9806	17
9807	18
9808	17
9809	15
9810	17
9811	18
9812	11
9813	11
9814	16
9815	24
9816	19
9817	16
9818	15
9819	24
9820	23
9821	24
9822	26
9823	21
9824	23
9825	26
9826	17
9827	20
9828	21
9829	19
9830	17
9831	21
9832	17
9833	18
9834	19
9835	18
9836	26
9837	23
9838	19
9839	17
9840	24
9841	14
9842	25
9843	19
9844	18
9845	16
9846	25
9847	22
9848	10
9849	21
9850	23
9851	22
9852	12
9853	19
9854	23
9855	21
9856	19
9857	18
9858	20
9859	17
9860	18
9861	16
9862	18
9863	21
9864	25
9865	18
9866	10
9867	16
9868	25
9869	20
9870	12
9871	26
9872	18
9873	18
9874	14
9875	20
9876	23
9877	22
9878	25
9879	15
9880	18
9881	12
9882	13
9883	20
9884	28
9885	21
9886	18
9887	19
9888	16
9889	17
9890	19
9891	22
9892	17
9893	18
9894	22
9895	20
9896	21
9897	14
9898	20
9899	16
9900	17
9901	20
9902	17
9903	15
9904	24
9905	18
9906	18
9907	23
9908	14
9909	14
9910	14
9911	16
9912	21
9913	15
9914	15
9915	15
9916	17
9917	18
9918	35
9919	12
9920	23
9921	16
9922	21
9923	18
9924	14
9925	21
9926	17
9927	25
9928	14
9929	15
9930	9
9931	22
9932	20
9933	12
9934	21
9935	25
9936	14
9937	17
9938	15
9939	23
9940	10
9941	14
9942	18
9943	18
9944	26
9945	12
9946	9
9947	19
9948	12
9949	23
9950	19
9951	15
9952	13
9953	22
9954	17
9955	11
9956	20
9957	25
9958	24
9959	13
9960	21
9961	21
9962	14
9963	11
9964	25
9965	20
9966	16
9967	19
9968	18
9969	12
9970	16
9971	19
9972	13
9973	21
9974	15
9975	17
9976	14
9977	16
9978	10
9979	15
9980	16
9981	15
9982	17
9983	20
9984	12
9985	22
9986	12
9987	15
9988	19
9989	19
9990	15
9991	15
9992	12
9993	16
9994	18
9995	16
9996	14
9997	12
9998	17
9999	17
10000	23
