1	288200341
2	20728614
3	5857796
4	2899843
5	1742572
6	1118376
7	750317
8	512503
9	358604
10	263706
11	196229
12	153788
13	124790
14	103364
15	90287
16	79855
17	72409
18	67943
19	64604
20	61783
21	61277
22	61845
23	63101
24	64831
25	67164
26	70212
27	76003
28	80993
29	88731
30	96513
31	107200
32	119809
33	135276
34	154063
35	177403
36	205254
37	238205
38	282485
39	337412
40	403587
41	482689
42	578540
43	689884
44	816097
45	958700
46	1125984
47	1302872
48	1495873
49	1697995
50	1906343
51	2119096
52	2320526
53	2518323
54	2697138
55	2851859
56	2976065
57	3068202
58	3126082
59	3144546
60	3128304
61	3076205
62	2979326
63	2856366
64	2702429
65	2529911
66	2334663
67	2135209
68	1928268
69	1723734
70	1523585
71	1331236
72	1149655
73	979592
74	828953
75	697292
76	580651
77	474957
78	384121
79	311205
80	249539
81	197702
82	157770
83	125296
84	99058
85	78258
86	62059
87	50835
88	42666
89	36506
90	32753
91	30033
92	29288
93	29347
94	30373
95	31889
96	34421
97	36820
98	39905
99	43139
100	47232
101	51286
102	55527
103	60311
104	64965
105	69289
106	74817
107	79676
108	85400
109	90310
110	95129
111	100132
112	104186
113	107907
114	111906
115	113676
116	117898
117	119261
118	120704
119	120500
120	120169
121	120017
122	118274
123	116277
124	113871
125	111222
126	107500
127	104071
128	98883
129	93796
130	90050
131	85197
132	79827
133	74459
134	69562
135	64278
136	59549
137	54722
138	50597
139	46467
140	42787
141	38996
142	35396
143	32595
144	29538
145	27294
146	24989
147	23596
148	22151
149	20849
150	19740
151	18816
152	18623
153	18021
154	17874
155	18035
156	18131
157	18107
158	18981
159	19453
160	20194
161	20581
162	21293
163	22195
164	23067
165	23913
166	24250
167	25200
168	26384
169	26753
170	27951
171	28931
172	29559
173	30210
174	30724
175	30980
176	31538
177	31953
178	31936
179	32705
180	32357
181	32960
182	32738
183	32358
184	31855
185	31632
186	31490
187	30632
188	30405
189	29583
190	28935
191	27814
192	27068
193	25940
194	25470
195	24109
196	23091
197	22088
198	21053
199	20046
200	19225
201	18506
202	17619
203	16996
204	16453
205	15893
206	15754
207	15178
208	14400
209	14033
210	13815
211	13376
212	13190
213	12991
214	12805
215	12737
216	12869
217	12693
218	12637
219	12738
220	12905
221	13007
222	13148
223	13377
224	13698
225	14083
226	14533
227	14428
228	14712
229	14747
230	15289
231	15209
232	15582
233	15695
234	15728
235	15963
236	16262
237	16449
238	16515
239	16574
240	16517
241	16899
242	16549
243	16762
244	16570
245	16332
246	16387
247	15917
248	15826
249	16302
250	15766
251	15452
252	15418
253	14716
254	14488
255	14233
256	14044
257	13705
258	13609
259	13038
260	12812
261	12497
262	12167
263	11939
264	11603
265	11394
266	11162
267	11047
268	10796
269	10511
270	10560
271	10158
272	10202
273	10081
274	9908
275	9905
276	9821
277	9970
278	9756
279	9703
280	9394
281	9557
282	9496
283	9393
284	9546
285	9648
286	9458
287	9623
288	9821
289	9929
290	9881
291	9940
292	9975
293	9840
294	10013
295	10056
296	10287
297	10314
298	10489
299	10428
300	10302
301	10407
302	10610
303	10308
304	10436
305	10456
306	10469
307	10255
308	10280
309	10326
310	10369
311	10143
312	10015
313	9902
314	9803
315	9703
316	9595
317	9675
318	9607
319	9485
320	9391
321	9094
322	9187
323	9047
324	8932
325	8814
326	8745
327	8265
328	8327
329	8238
330	8066
331	8152
332	8273
333	7908
334	7835
335	7877
336	7881
337	7896
338	7499
339	7558
340	7444
341	7240
342	7393
343	7264
344	7347
345	7260
346	7568
347	7321
348	7255
349	7209
350	7389
351	7446
352	7285
353	7572
354	7470
355	7390
356	7237
357	7303
358	7375
359	7327
360	7325
361	7334
362	7457
363	7314
364	7351
365	7493
366	7450
367	7538
368	7283
369	7379
370	7275
371	7386
372	7320
373	7228
374	7153
375	7199
376	7170
377	7174
378	7263
379	7205
380	7104
381	7116
382	6916
383	7065
384	6936
385	6882
386	6731
387	6630
388	6680
389	6462
390	6517
391	6388
392	6453
393	6254
394	6159
395	6034
396	6050
397	5962
398	5872
399	5942
400	5959
401	5919
402	5915
403	5934
404	5853
405	5808
406	5795
407	6038
408	5819
409	5844
410	5890
411	5676
412	5778
413	5897
414	5773
415	5805
416	5781
417	5671
418	5689
419	5556
420	5479
421	5529
422	5611
423	5564
424	5587
425	5372
426	5448
427	5557
428	5381
429	5429
430	5359
431	5464
432	5521
433	5390
434	5272
435	5188
436	5407
437	5429
438	5499
439	5333
440	5431
441	5271
442	5329
443	5232
444	5127
445	5180
446	5108
447	5086
448	5198
449	5083
450	5022
451	5060
452	5139
453	4965
454	4885
455	4880
456	4795
457	4837
458	4891
459	4699
460	4710
461	4694
462	4842
463	4594
464	4730
465	4733
466	4666
467	4625
468	4609
469	4534
470	4487
471	4546
472	4577
473	4536
474	4501
475	4504
476	4464
477	4547
478	4437
479	4479
480	4414
481	4549
482	4503
483	4338
484	4530
485	4350
486	4346
487	4449
488	4441
489	4418
490	4299
491	4249
492	4422
493	4341
494	4284
495	4267
496	4302
497	4191
498	4128
499	4410
500	4261
501	4107
502	4200
503	4086
504	4034
505	4247
506	4081
507	4119
508	4085
509	4138
510	4109
511	4032
512	4208
513	4028
514	4022
515	3960
516	3919
517	3944
518	3897
519	3874
520	4048
521	3991
522	4027
523	4115
524	3846
525	3902
526	3900
527	3908
528	3845
529	3943
530	3747
531	3886
532	3916
533	3693
534	3633
535	3812
536	3702
537	3761
538	3676
539	3657
540	3685
541	3540
542	3678
543	3580
544	3521
545	3511
546	3560
547	3501
548	3584
549	3520
550	3551
551	3368
552	3375
553	3505
554	3449
555	3375
556	3458
557	3456
558	3402
559	3394
560	3289
561	3396
562	3473
563	3415
564	3419
565	3386
566	3330
567	3317
568	3339
569	3292
570	3158
571	3265
572	3227
573	3316
574	3306
575	3273
576	3237
577	3205
578	3170
579	3271
580	3301
581	3284
582	3295
583	3235
584	3330
585	3265
586	3286
587	3258
588	3200
589	3279
590	3188
591	3157
592	3210
593	3191
594	3108
595	3156
596	3162
597	3099
598	3126
599	3021
600	2951
601	3066
602	2919
603	3099
604	3030
605	2917
606	2996
607	2912
608	2933
609	2967
610	3072
611	2952
612	3019
613	2833
614	2988
615	2919
616	3000
617	2851
618	2946
619	3071
620	2950
621	2952
622	2918
623	2874
624	2902
625	2969
626	2842
627	2772
628	2843
629	2820
630	2813
631	2745
632	2825
633	2830
634	2734
635	2797
636	2696
637	2783
638	2719
639	2756
640	2757
641	2701
642	2674
643	2558
644	2743
645	2634
646	2652
647	2571
648	2698
649	2636
650	2598
651	2566
652	2476
653	2657
654	2589
655	2559
656	2615
657	2626
658	2634
659	2603
660	2576
661	2549
662	2515
663	2535
664	2488
665	2491
666	2490
667	2551
668	2505
669	2571
670	2543
671	2505
672	2534
673	2481
674	2513
675	2563
676	2566
677	2447
678	2498
679	2496
680	2438
681	2488
682	2438
683	2451
684	2444
685	2421
686	2380
687	2356
688	2389
689	2427
690	2403
691	2447
692	2376
693	2471
694	2455
695	2387
696	2397
697	2332
698	2405
699	2360
700	2371
701	2389
702	2280
703	2308
704	2300
705	2303
706	2252
707	2244
708	2283
709	2342
710	2339
711	2380
712	2358
713	2255
714	2224
715	2278
716	2287
717	2312
718	2322
719	2294
720	2222
721	2248
722	2306
723	2233
724	2248
725	2251
726	2221
727	2248
728	2100
729	2177
730	2192
731	2188
732	2239
733	2187
734	2169
735	2187
736	2144
737	2143
738	2154
739	2180
740	2144
741	2105
742	2193
743	2099
744	2100
745	2125
746	2090
747	2120
748	2101
749	2004
750	2072
751	2084
752	2126
753	2192
754	2084
755	2197
756	2081
757	2076
758	2078
759	2043
760	2077
761	2041
762	2115
763	2127
764	2044
765	2064
766	2034
767	2084
768	1987
769	2102
770	1995
771	2071
772	2002
773	1982
774	1951
775	2048
776	1965
777	1916
778	1933
779	1981
780	1938
781	1931
782	1987
783	1990
784	2007
785	1941
786	2003
787	1987
788	1935
789	1955
790	2014
791	1921
792	1933
793	1923
794	1946
795	1896
796	1874
797	1866
798	1897
799	1798
800	1910
801	1838
802	1839
803	1775
804	1861
805	1773
806	1865
807	1835
808	1836
809	1802
810	1897
811	1809
812	1827
813	1859
814	1890
815	1865
816	1810
817	1853
818	1800
819	1829
820	1745
821	1791
822	1739
823	1760
824	1788
825	1735
826	1697
827	1718
828	1667
829	1714
830	1698
831	1746
832	1684
833	1698
834	1668
835	1658
836	1736
837	1650
838	1632
839	1734
840	1701
841	1753
842	1654
843	1693
844	1756
845	1649
846	1665
847	1631
848	1732
849	1698
850	1723
851	1668
852	1711
853	1686
854	1730
855	1784
856	1624
857	1630
858	1628
859	1644
860	1614
861	1644
862	1655
863	1560
864	1618
865	1674
866	1569
867	1557
868	1517
869	1514
870	1574
871	1549
872	1613
873	1558
874	1586
875	1479
876	1588
877	1554
878	1491
879	1549
880	1526
881	1501
882	1541
883	1499
884	1539
885	1551
886	1538
887	1499
888	1496
889	1512
890	1532
891	1541
892	1520
893	1516
894	1489
895	1541
896	1497
897	1452
898	1425
899	1436
900	1592
901	1485
902	1470
903	1408
904	1383
905	1442
906	1415
907	1411
908	1408
909	1441
910	1399
911	1374
912	1376
913	1380
914	1413
915	1385
916	1367
917	1397
918	1420
919	1436
920	1420
921	1389
922	1360
923	1435
924	1377
925	1415
926	1331
927	1333
928	1282
929	1317
930	1261
931	1339
932	1316
933	1278
934	1338
935	1267
936	1332
937	1312
938	1334
939	1320
940	1346
941	1243
942	1285
943	1340
944	1291
945	1317
946	1317
947	1217
948	1274
949	1205
950	1283
951	1242
952	1227
953	1214
954	1304
955	1279
956	1198
957	1269
958	1229
959	1245
960	1239
961	1215
962	1177
963	1212
964	1211
965	1225
966	1177
967	1189
968	1250
969	1213
970	1195
971	1185
972	1291
973	1233
974	1230
975	1187
976	1206
977	1219
978	1173
979	1144
980	1121
981	1258
982	1154
983	1175
984	1118
985	1151
986	1190
987	1210
988	1162
989	1134
990	1126
991	1107
992	1152
993	1125
994	1146
995	1240
996	1062
997	1098
998	1081
999	1088
1000	1104
1001	1116
1002	1072
1003	1026
1004	1142
1005	1034
1006	1102
1007	1065
1008	1021
1009	1058
1010	1027
1011	1097
1012	1053
1013	1053
1014	1001
1015	1056
1016	998
1017	1025
1018	1019
1019	1077
1020	973
1021	1043
1022	1068
1023	1018
1024	1019
1025	991
1026	975
1027	994
1028	1049
1029	1011
1030	976
1031	984
1032	999
1033	1001
1034	997
1035	991
1036	956
1037	1034
1038	944
1039	1049
1040	984
1041	1011
1042	971
1043	979
1044	962
1045	1002
1046	988
1047	912
1048	926
1049	975
1050	955
1051	989
1052	914
1053	948
1054	1007
1055	896
1056	904
1057	933
1058	905
1059	952
1060	920
1061	891
1062	874
1063	937
1064	929
1065	872
1066	920
1067	931
1068	897
1069	909
1070	877
1071	865
1072	939
1073	882
1074	879
1075	870
1076	820
1077	924
1078	901
1079	833
1080	891
1081	927
1082	882
1083	872
1084	896
1085	865
1086	915
1087	965
1088	899
1089	929
1090	842
1091	889
1092	875
1093	824
1094	920
1095	868
1096	866
1097	910
1098	856
1099	894
1100	901
1101	921
1102	881
1103	872
1104	907
1105	823
1106	802
1107	818
1108	788
1109	811
1110	786
1111	864
1112	832
1113	820
1114	813
1115	804
1116	743
1117	769
1118	786
1119	753
1120	766
1121	773
1122	806
1123	767
1124	786
1125	741
1126	734
1127	774
1128	791
1129	728
1130	812
1131	705
1132	767
1133	733
1134	754
1135	712
1136	730
1137	760
1138	759
1139	702
1140	758
1141	742
1142	713
1143	733
1144	726
1145	680
1146	762
1147	740
1148	720
1149	737
1150	787
1151	759
1152	734
1153	767
1154	719
1155	729
1156	741
1157	760
1158	747
1159	696
1160	705
1161	769
1162	738
1163	682
1164	691
1165	731
1166	738
1167	692
1168	745
1169	711
1170	694
1171	725
1172	698
1173	657
1174	707
1175	719
1176	701
1177	674
1178	696
1179	677
1180	656
1181	657
1182	638
1183	688
1184	647
1185	677
1186	699
1187	678
1188	695
1189	643
1190	684
1191	692
1192	667
1193	719
1194	656
1195	619
1196	653
1197	698
1198	686
1199	624
1200	661
1201	659
1202	673
1203	667
1204	681
1205	666
1206	702
1207	647
1208	681
1209	674
1210	659
1211	678
1212	686
1213	665
1214	674
1215	633
1216	670
1217	658
1218	677
1219	700
1220	673
1221	622
1222	587
1223	622
1224	621
1225	630
1226	605
1227	664
1228	622
1229	619
1230	649
1231	622
1232	615
1233	593
1234	603
1235	615
1236	610
1237	573
1238	587
1239	617
1240	582
1241	612
1242	642
1243	605
1244	571
1245	627
1246	583
1247	582
1248	641
1249	593
1250	581
1251	566
1252	574
1253	577
1254	555
1255	563
1256	566
1257	630
1258	596
1259	573
1260	603
1261	557
1262	527
1263	551
1264	560
1265	562
1266	565
1267	591
1268	547
1269	524
1270	565
1271	565
1272	582
1273	525
1274	557
1275	566
1276	601
1277	547
1278	581
1279	516
1280	516
1281	529
1282	559
1283	558
1284	545
1285	599
1286	559
1287	545
1288	543
1289	565
1290	552
1291	575
1292	520
1293	566
1294	571
1295	538
1296	510
1297	538
1298	580
1299	541
1300	530
1301	523
1302	514
1303	517
1304	533
1305	516
1306	500
1307	510
1308	518
1309	535
1310	519
1311	507
1312	514
1313	503
1314	533
1315	488
1316	478
1317	540
1318	451
1319	486
1320	453
1321	473
1322	498
1323	512
1324	497
1325	456
1326	528
1327	462
1328	486
1329	498
1330	497
1331	503
1332	524
1333	511
1334	452
1335	468
1336	498
1337	481
1338	498
1339	499
1340	468
1341	511
1342	510
1343	490
1344	494
1345	506
1346	479
1347	462
1348	463
1349	429
1350	474
1351	464
1352	430
1353	447
1354	455
1355	450
1356	465
1357	464
1358	445
1359	454
1360	449
1361	470
1362	438
1363	492
1364	435
1365	468
1366	444
1367	449
1368	445
1369	451
1370	447
1371	469
1372	478
1373	468
1374	446
1375	394
1376	427
1377	462
1378	474
1379	429
1380	431
1381	450
1382	423
1383	440
1384	468
1385	435
1386	466
1387	445
1388	450
1389	418
1390	465
1391	446
1392	417
1393	378
1394	438
1395	425
1396	433
1397	413
1398	406
1399	386
1400	413
1401	430
1402	438
1403	394
1404	394
1405	410
1406	402
1407	383
1408	422
1409	411
1410	453
1411	441
1412	430
1413	439
1414	393
1415	423
1416	425
1417	450
1418	419
1419	461
1420	452
1421	446
1422	417
1423	411
1424	421
1425	410
1426	443
1427	426
1428	405
1429	415
1430	479
1431	415
1432	394
1433	449
1434	429
1435	426
1436	381
1437	385
1438	410
1439	411
1440	414
1441	407
1442	387
1443	408
1444	366
1445	399
1446	348
1447	383
1448	359
1449	364
1450	395
1451	370
1452	378
1453	378
1454	330
1455	363
1456	405
1457	359
1458	362
1459	363
1460	379
1461	385
1462	394
1463	372
1464	368
1465	393
1466	374
1467	379
1468	387
1469	361
1470	387
1471	381
1472	369
1473	387
1474	370
1475	398
1476	377
1477	386
1478	409
1479	388
1480	349
1481	391
1482	407
1483	392
1484	409
1485	396
1486	390
1487	412
1488	403
1489	408
1490	378
1491	376
1492	424
1493	385
1494	368
1495	372
1496	337
1497	372
1498	414
1499	358
1500	344
1501	388
1502	392
1503	345
1504	379
1505	368
1506	367
1507	358
1508	382
1509	368
1510	413
1511	376
1512	346
1513	339
1514	368
1515	340
1516	342
1517	326
1518	337
1519	376
1520	318
1521	339
1522	335
1523	358
1524	365
1525	366
1526	339
1527	334
1528	308
1529	361
1530	382
1531	328
1532	333
1533	325
1534	329
1535	366
1536	373
1537	338
1538	332
1539	379
1540	381
1541	339
1542	339
1543	369
1544	338
1545	329
1546	328
1547	344
1548	319
1549	354
1550	361
1551	337
1552	340
1553	340
1554	339
1555	349
1556	356
1557	328
1558	333
1559	344
1560	321
1561	321
1562	334
1563	302
1564	339
1565	315
1566	351
1567	327
1568	320
1569	310
1570	309
1571	264
1572	312
1573	353
1574	293
1575	345
1576	315
1577	328
1578	339
1579	336
1580	314
1581	325
1582	320
1583	311
1584	306
1585	326
1586	303
1587	294
1588	333
1589	306
1590	317
1591	304
1592	304
1593	308
1594	299
1595	353
1596	299
1597	300
1598	265
1599	319
1600	279
1601	315
1602	339
1603	304
1604	357
1605	314
1606	343
1607	290
1608	321
1609	307
1610	297
1611	346
1612	315
1613	287
1614	312
1615	325
1616	317
1617	297
1618	307
1619	294
1620	297
1621	327
1622	313
1623	319
1624	340
1625	326
1626	319
1627	313
1628	347
1629	321
1630	303
1631	333
1632	307
1633	320
1634	309
1635	298
1636	326
1637	323
1638	287
1639	313
1640	329
1641	304
1642	309
1643	317
1644	302
1645	280
1646	310
1647	289
1648	307
1649	291
1650	288
1651	307
1652	284
1653	305
1654	334
1655	340
1656	321
1657	317
1658	315
1659	305
1660	323
1661	304
1662	320
1663	299
1664	287
1665	260
1666	287
1667	288
1668	320
1669	289
1670	301
1671	313
1672	297
1673	311
1674	290
1675	305
1676	307
1677	286
1678	278
1679	324
1680	289
1681	305
1682	304
1683	315
1684	303
1685	263
1686	299
1687	290
1688	305
1689	267
1690	287
1691	287
1692	249
1693	252
1694	300
1695	274
1696	261
1697	291
1698	272
1699	300
1700	292
1701	268
1702	278
1703	279
1704	259
1705	262
1706	234
1707	282
1708	280
1709	279
1710	288
1711	290
1712	237
1713	274
1714	241
1715	266
1716	266
1717	298
1718	282
1719	265
1720	254
1721	259
1722	301
1723	282
1724	296
1725	269
1726	264
1727	288
1728	263
1729	249
1730	292
1731	283
1732	266
1733	268
1734	283
1735	272
1736	262
1737	264
1738	260
1739	239
1740	217
1741	265
1742	276
1743	228
1744	233
1745	246
1746	233
1747	231
1748	231
1749	255
1750	245
1751	243
1752	227
1753	255
1754	243
1755	271
1756	261
1757	253
1758	246
1759	259
1760	266
1761	255
1762	266
1763	264
1764	282
1765	264
1766	237
1767	227
1768	256
1769	286
1770	237
1771	259
1772	280
1773	257
1774	257
1775	241
1776	273
1777	233
1778	235
1779	254
1780	247
1781	256
1782	219
1783	250
1784	258
1785	247
1786	264
1787	239
1788	249
1789	262
1790	238
1791	254
1792	252
1793	229
1794	236
1795	238
1796	236
1797	261
1798	261
1799	258
1800	255
1801	252
1802	242
1803	225
1804	263
1805	288
1806	256
1807	247
1808	241
1809	219
1810	252
1811	264
1812	259
1813	246
1814	237
1815	221
1816	232
1817	231
1818	248
1819	259
1820	257
1821	264
1822	215
1823	246
1824	226
1825	222
1826	223
1827	211
1828	224
1829	224
1830	211
1831	234
1832	233
1833	232
1834	214
1835	268
1836	222
1837	236
1838	210
1839	215
1840	199
1841	219
1842	222
1843	214
1844	232
1845	242
1846	266
1847	254
1848	208
1849	198
1850	210
1851	228
1852	258
1853	220
1854	217
1855	228
1856	237
1857	237
1858	224
1859	227
1860	221
1861	203
1862	218
1863	243
1864	240
1865	203
1866	207
1867	209
1868	198
1869	231
1870	209
1871	222
1872	192
1873	218
1874	223
1875	200
1876	211
1877	197
1878	180
1879	223
1880	215
1881	219
1882	209
1883	205
1884	196
1885	208
1886	194
1887	163
1888	213
1889	209
1890	213
1891	193
1892	225
1893	192
1894	212
1895	209
1896	209
1897	212
1898	203
1899	203
1900	222
1901	183
1902	215
1903	208
1904	187
1905	211
1906	197
1907	203
1908	199
1909	190
1910	228
1911	213
1912	207
1913	218
1914	202
1915	222
1916	235
1917	198
1918	208
1919	191
1920	197
1921	205
1922	209
1923	199
1924	183
1925	192
1926	212
1927	191
1928	191
1929	189
1930	191
1931	209
1932	179
1933	205
1934	205
1935	179
1936	218
1937	206
1938	209
1939	194
1940	238
1941	193
1942	203
1943	183
1944	224
1945	199
1946	197
1947	181
1948	200
1949	169
1950	196
1951	200
1952	192
1953	179
1954	204
1955	204
1956	201
1957	184
1958	185
1959	186
1960	189
1961	193
1962	174
1963	204
1964	177
1965	173
1966	195
1967	175
1968	165
1969	175
1970	184
1971	196
1972	160
1973	178
1974	202
1975	179
1976	167
1977	175
1978	175
1979	191
1980	175
1981	196
1982	188
1983	180
1984	183
1985	175
1986	183
1987	175
1988	189
1989	178
1990	193
1991	194
1992	171
1993	177
1994	164
1995	166
1996	181
1997	147
1998	172
1999	195
2000	163
2001	164
2002	143
2003	149
2004	202
2005	190
2006	194
2007	172
2008	171
2009	169
2010	163
2011	200
2012	167
2013	157
2014	176
2015	176
2016	160
2017	175
2018	210
2019	180
2020	156
2021	163
2022	172
2023	154
2024	139
2025	168
2026	181
2027	168
2028	180
2029	154
2030	170
2031	160
2032	177
2033	181
2034	168
2035	140
2036	159
2037	131
2038	177
2039	155
2040	144
2041	183
2042	166
2043	183
2044	162
2045	157
2046	164
2047	185
2048	167
2049	135
2050	154
2051	179
2052	166
2053	170
2054	153
2055	185
2056	164
2057	144
2058	173
2059	164
2060	150
2061	157
2062	136
2063	158
2064	146
2065	161
2066	157
2067	171
2068	160
2069	179
2070	175
2071	162
2072	155
2073	181
2074	165
2075	177
2076	155
2077	169
2078	169
2079	162
2080	160
2081	156
2082	166
2083	149
2084	146
2085	153
2086	151
2087	162
2088	155
2089	156
2090	145
2091	146
2092	164
2093	160
2094	151
2095	135
2096	144
2097	151
2098	142
2099	169
2100	169
2101	138
2102	147
2103	166
2104	149
2105	151
2106	158
2107	151
2108	145
2109	152
2110	139
2111	157
2112	144
2113	148
2114	185
2115	146
2116	151
2117	166
2118	137
2119	144
2120	171
2121	148
2122	122
2123	133
2124	141
2125	173
2126	153
2127	156
2128	143
2129	130
2130	147
2131	156
2132	163
2133	152
2134	149
2135	134
2136	141
2137	121
2138	130
2139	166
2140	153
2141	133
2142	146
2143	156
2144	121
2145	146
2146	127
2147	147
2148	138
2149	144
2150	140
2151	137
2152	159
2153	131
2154	138
2155	149
2156	131
2157	135
2158	140
2159	151
2160	138
2161	131
2162	142
2163	141
2164	129
2165	117
2166	145
2167	132
2168	157
2169	145
2170	130
2171	118
2172	138
2173	134
2174	154
2175	118
2176	131
2177	160
2178	154
2179	163
2180	139
2181	144
2182	150
2183	145
2184	140
2185	115
2186	127
2187	140
2188	161
2189	140
2190	147
2191	121
2192	132
2193	151
2194	120
2195	141
2196	140
2197	115
2198	136
2199	119
2200	143
2201	113
2202	129
2203	124
2204	156
2205	126
2206	131
2207	142
2208	133
2209	144
2210	127
2211	141
2212	143
2213	134
2214	154
2215	137
2216	132
2217	141
2218	129
2219	128
2220	133
2221	139
2222	104
2223	142
2224	127
2225	130
2226	156
2227	133
2228	128
2229	117
2230	151
2231	146
2232	144
2233	149
2234	134
2235	125
2236	138
2237	139
2238	143
2239	132
2240	151
2241	115
2242	122
2243	162
2244	148
2245	133
2246	141
2247	151
2248	130
2249	136
2250	122
2251	149
2252	136
2253	134
2254	122
2255	158
2256	129
2257	145
2258	134
2259	133
2260	130
2261	137
2262	109
2263	140
2264	139
2265	144
2266	131
2267	128
2268	139
2269	124
2270	138
2271	133
2272	125
2273	124
2274	171
2275	121
2276	126
2277	138
2278	147
2279	136
2280	159
2281	135
2282	126
2283	139
2284	139
2285	118
2286	158
2287	137
2288	150
2289	132
2290	125
2291	149
2292	172
2293	134
2294	155
2295	152
2296	154
2297	153
2298	118
2299	134
2300	136
2301	105
2302	144
2303	141
2304	131
2305	133
2306	115
2307	149
2308	125
2309	125
2310	126
2311	131
2312	118
2313	143
2314	125
2315	127
2316	142
2317	124
2318	145
2319	135
2320	132
2321	132
2322	108
2323	122
2324	126
2325	138
2326	122
2327	131
2328	163
2329	136
2330	142
2331	120
2332	144
2333	149
2334	143
2335	140
2336	125
2337	140
2338	144
2339	140
2340	128
2341	127
2342	144
2343	125
2344	116
2345	138
2346	139
2347	130
2348	130
2349	135
2350	142
2351	113
2352	151
2353	141
2354	131
2355	122
2356	136
2357	137
2358	128
2359	134
2360	119
2361	128
2362	127
2363	132
2364	111
2365	132
2366	142
2367	124
2368	121
2369	132
2370	143
2371	138
2372	121
2373	118
2374	128
2375	122
2376	155
2377	122
2378	143
2379	133
2380	110
2381	117
2382	137
2383	133
2384	141
2385	142
2386	138
2387	109
2388	111
2389	116
2390	127
2391	146
2392	147
2393	128
2394	129
2395	111
2396	141
2397	105
2398	143
2399	126
2400	110
2401	130
2402	117
2403	124
2404	132
2405	126
2406	110
2407	157
2408	118
2409	146
2410	137
2411	125
2412	137
2413	146
2414	125
2415	116
2416	155
2417	133
2418	142
2419	144
2420	139
2421	130
2422	112
2423	110
2424	146
2425	123
2426	126
2427	125
2428	128
2429	125
2430	116
2431	137
2432	128
2433	132
2434	133
2435	150
2436	135
2437	128
2438	136
2439	130
2440	133
2441	128
2442	160
2443	135
2444	154
2445	137
2446	121
2447	124
2448	126
2449	128
2450	133
2451	101
2452	142
2453	120
2454	118
2455	133
2456	147
2457	118
2458	137
2459	113
2460	134
2461	115
2462	140
2463	133
2464	123
2465	134
2466	100
2467	127
2468	132
2469	107
2470	122
2471	96
2472	111
2473	118
2474	107
2475	121
2476	116
2477	141
2478	131
2479	130
2480	116
2481	156
2482	124
2483	109
2484	129
2485	122
2486	136
2487	128
2488	131
2489	119
2490	115
2491	107
2492	128
2493	125
2494	130
2495	127
2496	108
2497	126
2498	135
2499	152
2500	131
2501	124
2502	150
2503	103
2504	116
2505	128
2506	138
2507	143
2508	160
2509	144
2510	145
2511	122
2512	117
2513	127
2514	175
2515	133
2516	141
2517	113
2518	139
2519	126
2520	138
2521	126
2522	118
2523	136
2524	112
2525	131
2526	103
2527	121
2528	118
2529	115
2530	115
2531	114
2532	113
2533	106
2534	131
2535	134
2536	137
2537	113
2538	94
2539	109
2540	102
2541	112
2542	95
2543	115
2544	125
2545	98
2546	120
2547	116
2548	127
2549	115
2550	119
2551	100
2552	114
2553	129
2554	107
2555	117
2556	129
2557	117
2558	118
2559	119
2560	98
2561	95
2562	112
2563	119
2564	131
2565	107
2566	86
2567	126
2568	122
2569	106
2570	112
2571	115
2572	85
2573	93
2574	120
2575	96
2576	109
2577	114
2578	110
2579	113
2580	134
2581	103
2582	111
2583	115
2584	109
2585	122
2586	115
2587	111
2588	100
2589	100
2590	105
2591	125
2592	122
2593	111
2594	88
2595	125
2596	103
2597	119
2598	106
2599	105
2600	95
2601	88
2602	111
2603	113
2604	98
2605	89
2606	101
2607	97
2608	102
2609	124
2610	123
2611	110
2612	106
2613	112
2614	101
2615	117
2616	105
2617	107
2618	97
2619	105
2620	120
2621	103
2622	117
2623	108
2624	119
2625	104
2626	95
2627	102
2628	113
2629	107
2630	95
2631	97
2632	92
2633	92
2634	105
2635	114
2636	117
2637	93
2638	86
2639	95
2640	99
2641	99
2642	119
2643	123
2644	92
2645	97
2646	117
2647	96
2648	91
2649	97
2650	80
2651	87
2652	89
2653	103
2654	115
2655	104
2656	102
2657	99
2658	101
2659	82
2660	93
2661	100
2662	108
2663	128
2664	113
2665	101
2666	96
2667	107
2668	104
2669	122
2670	98
2671	95
2672	120
2673	96
2674	90
2675	112
2676	93
2677	96
2678	106
2679	105
2680	96
2681	97
2682	110
2683	101
2684	109
2685	124
2686	100
2687	91
2688	89
2689	86
2690	101
2691	92
2692	83
2693	86
2694	94
2695	97
2696	76
2697	108
2698	109
2699	77
2700	102
2701	93
2702	96
2703	104
2704	100
2705	107
2706	107
2707	94
2708	97
2709	98
2710	115
2711	111
2712	115
2713	101
2714	110
2715	87
2716	90
2717	103
2718	121
2719	110
2720	104
2721	108
2722	92
2723	103
2724	105
2725	115
2726	113
2727	109
2728	114
2729	107
2730	93
2731	93
2732	114
2733	99
2734	91
2735	92
2736	102
2737	110
2738	105
2739	98
2740	104
2741	97
2742	95
2743	84
2744	82
2745	77
2746	96
2747	94
2748	89
2749	109
2750	89
2751	88
2752	103
2753	99
2754	102
2755	101
2756	88
2757	97
2758	79
2759	87
2760	104
2761	97
2762	100
2763	102
2764	80
2765	96
2766	103
2767	106
2768	89
2769	100
2770	93
2771	123
2772	104
2773	81
2774	91
2775	106
2776	93
2777	91
2778	83
2779	98
2780	85
2781	105
2782	97
2783	100
2784	105
2785	97
2786	74
2787	91
2788	98
2789	85
2790	89
2791	89
2792	93
2793	84
2794	83
2795	94
2796	103
2797	102
2798	97
2799	91
2800	117
2801	91
2802	92
2803	96
2804	87
2805	97
2806	75
2807	103
2808	112
2809	100
2810	104
2811	97
2812	91
2813	88
2814	81
2815	90
2816	82
2817	81
2818	95
2819	101
2820	105
2821	80
2822	89
2823	90
2824	104
2825	89
2826	93
2827	81
2828	74
2829	67
2830	95
2831	115
2832	106
2833	86
2834	99
2835	85
2836	81
2837	80
2838	90
2839	96
2840	92
2841	83
2842	84
2843	82
2844	95
2845	99
2846	93
2847	90
2848	80
2849	90
2850	96
2851	78
2852	106
2853	76
2854	87
2855	98
2856	86
2857	70
2858	68
2859	93
2860	81
2861	95
2862	99
2863	89
2864	89
2865	92
2866	84
2867	71
2868	105
2869	84
2870	67
2871	70
2872	95
2873	73
2874	86
2875	87
2876	81
2877	63
2878	92
2879	71
2880	88
2881	86
2882	73
2883	79
2884	84
2885	81
2886	82
2887	68
2888	82
2889	77
2890	92
2891	83
2892	82
2893	91
2894	80
2895	94
2896	81
2897	78
2898	82
2899	88
2900	75
2901	81
2902	112
2903	83
2904	78
2905	82
2906	80
2907	92
2908	88
2909	85
2910	74
2911	92
2912	79
2913	81
2914	70
2915	78
2916	85
2917	83
2918	96
2919	87
2920	87
2921	80
2922	104
2923	99
2924	70
2925	65
2926	72
2927	75
2928	65
2929	60
2930	93
2931	77
2932	73
2933	86
2934	71
2935	80
2936	62
2937	78
2938	80
2939	92
2940	64
2941	75
2942	76
2943	62
2944	83
2945	73
2946	76
2947	92
2948	62
2949	79
2950	80
2951	101
2952	79
2953	68
2954	84
2955	72
2956	77
2957	84
2958	71
2959	66
2960	87
2961	84
2962	81
2963	75
2964	72
2965	81
2966	81
2967	68
2968	70
2969	70
2970	94
2971	86
2972	69
2973	69
2974	74
2975	90
2976	85
2977	78
2978	85
2979	76
2980	63
2981	92
2982	70
2983	64
2984	82
2985	84
2986	74
2987	82
2988	68
2989	67
2990	85
2991	66
2992	80
2993	58
2994	74
2995	76
2996	73
2997	61
2998	78
2999	78
3000	73
3001	74
3002	70
3003	87
3004	62
3005	78
3006	64
3007	85
3008	68
3009	89
3010	62
3011	82
3012	87
3013	79
3014	81
3015	65
3016	89
3017	80
3018	62
3019	62
3020	65
3021	77
3022	62
3023	62
3024	54
3025	70
3026	56
3027	79
3028	65
3029	75
3030	50
3031	52
3032	66
3033	48
3034	70
3035	59
3036	67
3037	61
3038	69
3039	74
3040	62
3041	73
3042	68
3043	56
3044	65
3045	74
3046	73
3047	52
3048	49
3049	81
3050	72
3051	70
3052	50
3053	56
3054	81
3055	74
3056	73
3057	62
3058	74
3059	57
3060	58
3061	71
3062	57
3063	68
3064	66
3065	74
3066	70
3067	68
3068	53
3069	83
3070	80
3071	82
3072	65
3073	72
3074	53
3075	64
3076	77
3077	64
3078	64
3079	69
3080	68
3081	66
3082	55
3083	58
3084	66
3085	68
3086	72
3087	50
3088	63
3089	66
3090	72
3091	54
3092	54
3093	62
3094	59
3095	52
3096	59
3097	67
3098	59
3099	57
3100	71
3101	57
3102	63
3103	61
3104	74
3105	59
3106	62
3107	74
3108	61
3109	75
3110	65
3111	68
3112	66
3113	62
3114	63
3115	66
3116	66
3117	52
3118	55
3119	65
3120	72
3121	60
3122	88
3123	53
3124	73
3125	56
3126	57
3127	57
3128	64
3129	51
3130	75
3131	65
3132	66
3133	61
3134	69
3135	60
3136	64
3137	48
3138	56
3139	60
3140	59
3141	72
3142	49
3143	71
3144	62
3145	55
3146	60
3147	67
3148	58
3149	64
3150	45
3151	51
3152	57
3153	63
3154	55
3155	50
3156	65
3157	52
3158	64
3159	58
3160	56
3161	62
3162	75
3163	71
3164	70
3165	74
3166	65
3167	68
3168	53
3169	50
3170	59
3171	62
3172	56
3173	60
3174	44
3175	59
3176	74
3177	70
3178	51
3179	66
3180	61
3181	50
3182	47
3183	56
3184	55
3185	68
3186	52
3187	61
3188	63
3189	52
3190	60
3191	67
3192	66
3193	58
3194	51
3195	82
3196	70
3197	62
3198	52
3199	65
3200	57
3201	52
3202	62
3203	64
3204	69
3205	59
3206	72
3207	58
3208	55
3209	64
3210	55
3211	49
3212	58
3213	47
3214	69
3215	61
3216	61
3217	71
3218	56
3219	46
3220	45
3221	63
3222	58
3223	58
3224	49
3225	51
3226	57
3227	66
3228	54
3229	60
3230	58
3231	70
3232	68
3233	45
3234	66
3235	60
3236	56
3237	47
3238	53
3239	50
3240	40
3241	71
3242	65
3243	63
3244	65
3245	69
3246	68
3247	56
3248	77
3249	66
3250	75
3251	50
3252	67
3253	64
3254	64
3255	55
3256	44
3257	59
3258	53
3259	69
3260	56
3261	51
3262	56
3263	40
3264	65
3265	56
3266	51
3267	58
3268	70
3269	58
3270	59
3271	64
3272	71
3273	36
3274	52
3275	72
3276	56
3277	52
3278	58
3279	51
3280	60
3281	48
3282	59
3283	71
3284	56
3285	48
3286	64
3287	43
3288	77
3289	53
3290	57
3291	56
3292	54
3293	72
3294	49
3295	66
3296	52
3297	63
3298	62
3299	51
3300	61
3301	55
3302	62
3303	63
3304	39
3305	55
3306	47
3307	42
3308	66
3309	55
3310	53
3311	56
3312	61
3313	50
3314	58
3315	55
3316	52
3317	43
3318	50
3319	42
3320	53
3321	55
3322	50
3323	51
3324	44
3325	54
3326	48
3327	47
3328	42
3329	40
3330	51
3331	58
3332	41
3333	38
3334	44
3335	51
3336	48
3337	59
3338	52
3339	59
3340	51
3341	50
3342	50
3343	48
3344	47
3345	52
3346	48
3347	42
3348	54
3349	56
3350	56
3351	40
3352	39
3353	63
3354	55
3355	61
3356	57
3357	63
3358	49
3359	53
3360	58
3361	55
3362	49
3363	57
3364	46
3365	57
3366	42
3367	56
3368	53
3369	54
3370	42
3371	43
3372	40
3373	63
3374	58
3375	56
3376	52
3377	37
3378	48
3379	52
3380	50
3381	45
3382	55
3383	46
3384	49
3385	43
3386	50
3387	40
3388	51
3389	50
3390	49
3391	35
3392	60
3393	53
3394	44
3395	48
3396	55
3397	39
3398	48
3399	52
3400	61
3401	43
3402	50
3403	37
3404	47
3405	50
3406	58
3407	57
3408	46
3409	43
3410	41
3411	45
3412	44
3413	46
3414	51
3415	39
3416	51
3417	58
3418	54
3419	52
3420	51
3421	62
3422	47
3423	41
3424	43
3425	62
3426	42
3427	58
3428	50
3429	46
3430	52
3431	56
3432	47
3433	54
3434	40
3435	58
3436	48
3437	46
3438	47
3439	52
3440	48
3441	45
3442	54
3443	43
3444	40
3445	49
3446	44
3447	36
3448	54
3449	49
3450	44
3451	44
3452	46
3453	32
3454	46
3455	53
3456	44
3457	46
3458	44
3459	50
3460	51
3461	48
3462	60
3463	50
3464	40
3465	59
3466	52
3467	49
3468	42
3469	49
3470	57
3471	39
3472	48
3473	51
3474	48
3475	55
3476	57
3477	45
3478	50
3479	33
3480	48
3481	45
3482	52
3483	49
3484	52
3485	54
3486	44
3487	55
3488	49
3489	45
3490	40
3491	46
3492	60
3493	57
3494	42
3495	48
3496	50
3497	55
3498	42
3499	31
3500	49
3501	38
3502	46
3503	28
3504	35
3505	38
3506	56
3507	38
3508	44
3509	42
3510	37
3511	62
3512	36
3513	38
3514	49
3515	59
3516	45
3517	46
3518	47
3519	50
3520	47
3521	49
3522	44
3523	55
3524	43
3525	47
3526	47
3527	43
3528	43
3529	44
3530	48
3531	50
3532	48
3533	41
3534	61
3535	55
3536	40
3537	57
3538	55
3539	42
3540	55
3541	46
3542	42
3543	39
3544	35
3545	43
3546	37
3547	49
3548	40
3549	48
3550	45
3551	35
3552	35
3553	49
3554	55
3555	43
3556	46
3557	53
3558	43
3559	45
3560	48
3561	55
3562	35
3563	44
3564	42
3565	47
3566	49
3567	41
3568	51
3569	51
3570	46
3571	36
3572	54
3573	44
3574	55
3575	42
3576	64
3577	53
3578	45
3579	38
3580	48
3581	52
3582	44
3583	41
3584	48
3585	41
3586	37
3587	53
3588	49
3589	35
3590	49
3591	38
3592	35
3593	42
3594	33
3595	45
3596	45
3597	52
3598	37
3599	32
3600	35
3601	42
3602	44
3603	39
3604	43
3605	40
3606	39
3607	48
3608	41
3609	32
3610	50
3611	49
3612	37
3613	32
3614	51
3615	40
3616	44
3617	49
3618	42
3619	54
3620	42
3621	38
3622	42
3623	42
3624	47
3625	45
3626	48
3627	51
3628	46
3629	54
3630	54
3631	44
3632	42
3633	46
3634	46
3635	49
3636	48
3637	47
3638	45
3639	49
3640	53
3641	49
3642	44
3643	57
3644	49
3645	41
3646	45
3647	45
3648	46
3649	46
3650	41
3651	50
3652	35
3653	50
3654	42
3655	40
3656	50
3657	41
3658	57
3659	41
3660	36
3661	41
3662	35
3663	53
3664	47
3665	49
3666	47
3667	47
3668	41
3669	38
3670	43
3671	53
3672	46
3673	49
3674	43
3675	46
3676	42
3677	50
3678	45
3679	46
3680	53
3681	41
3682	57
3683	52
3684	46
3685	46
3686	45
3687	52
3688	48
3689	37
3690	34
3691	51
3692	35
3693	51
3694	39
3695	49
3696	24
3697	52
3698	38
3699	30
3700	52
3701	39
3702	46
3703	38
3704	37
3705	40
3706	45
3707	39
3708	37
3709	53
3710	45
3711	40
3712	45
3713	36
3714	43
3715	37
3716	39
3717	37
3718	37
3719	37
3720	40
3721	35
3722	41
3723	41
3724	36
3725	37
3726	42
3727	49
3728	42
3729	49
3730	44
3731	40
3732	42
3733	40
3734	35
3735	40
3736	34
3737	41
3738	31
3739	32
3740	31
3741	42
3742	38
3743	30
3744	29
3745	44
3746	35
3747	51
3748	41
3749	22
3750	39
3751	46
3752	26
3753	29
3754	43
3755	40
3756	39
3757	32
3758	43
3759	34
3760	42
3761	45
3762	34
3763	32
3764	30
3765	43
3766	28
3767	42
3768	40
3769	46
3770	45
3771	47
3772	24
3773	31
3774	31
3775	36
3776	32
3777	35
3778	26
3779	33
3780	41
3781	42
3782	38
3783	34
3784	42
3785	25
3786	35
3787	36
3788	34
3789	29
3790	31
3791	31
3792	40
3793	28
3794	41
3795	40
3796	49
3797	36
3798	27
3799	39
3800	39
3801	41
3802	45
3803	38
3804	31
3805	37
3806	40
3807	44
3808	30
3809	53
3810	41
3811	31
3812	32
3813	45
3814	30
3815	42
3816	37
3817	38
3818	37
3819	23
3820	42
3821	32
3822	41
3823	42
3824	35
3825	34
3826	35
3827	40
3828	32
3829	35
3830	50
3831	30
3832	34
3833	22
3834	45
3835	37
3836	34
3837	28
3838	39
3839	27
3840	45
3841	35
3842	40
3843	31
3844	28
3845	30
3846	24
3847	41
3848	39
3849	33
3850	23
3851	29
3852	33
3853	35
3854	47
3855	38
3856	45
3857	25
3858	40
3859	35
3860	33
3861	34
3862	35
3863	33
3864	43
3865	44
3866	42
3867	40
3868	31
3869	36
3870	40
3871	43
3872	43
3873	34
3874	39
3875	48
3876	32
3877	42
3878	47
3879	51
3880	38
3881	39
3882	29
3883	32
3884	35
3885	35
3886	44
3887	46
3888	49
3889	39
3890	42
3891	43
3892	42
3893	35
3894	32
3895	28
3896	45
3897	37
3898	45
3899	31
3900	35
3901	33
3902	38
3903	32
3904	26
3905	46
3906	40
3907	36
3908	47
3909	37
3910	37
3911	35
3912	43
3913	42
3914	47
3915	36
3916	41
3917	43
3918	38
3919	29
3920	42
3921	38
3922	38
3923	38
3924	29
3925	45
3926	36
3927	37
3928	34
3929	40
3930	41
3931	40
3932	43
3933	32
3934	40
3935	51
3936	50
3937	42
3938	39
3939	33
3940	34
3941	44
3942	51
3943	46
3944	42
3945	38
3946	51
3947	45
3948	33
3949	38
3950	36
3951	36
3952	39
3953	32
3954	30
3955	37
3956	37
3957	38
3958	42
3959	41
3960	43
3961	44
3962	33
3963	34
3964	42
3965	39
3966	42
3967	34
3968	29
3969	38
3970	39
3971	41
3972	34
3973	27
3974	42
3975	36
3976	42
3977	37
3978	43
3979	44
3980	41
3981	30
3982	45
3983	29
3984	36
3985	33
3986	26
3987	32
3988	42
3989	34
3990	42
3991	34
3992	43
3993	28
3994	50
3995	42
3996	21
3997	29
3998	39
3999	34
4000	35
4001	50
4002	41
4003	37
4004	31
4005	36
4006	40
4007	42
4008	33
4009	32
4010	40
4011	37
4012	28
4013	29
4014	43
4015	45
4016	34
4017	28
4018	38
4019	30
4020	27
4021	27
4022	19
4023	32
4024	29
4025	31
4026	25
4027	40
4028	31
4029	30
4030	30
4031	47
4032	29
4033	40
4034	26
4035	25
4036	29
4037	35
4038	29
4039	31
4040	32
4041	40
4042	40
4043	37
4044	41
4045	33
4046	36
4047	32
4048	39
4049	32
4050	33
4051	33
4052	33
4053	25
4054	41
4055	38
4056	38
4057	47
4058	34
4059	30
4060	31
4061	32
4062	34
4063	55
4064	31
4065	48
4066	37
4067	29
4068	29
4069	29
4070	24
4071	33
4072	28
4073	31
4074	35
4075	31
4076	30
4077	35
4078	34
4079	30
4080	30
4081	31
4082	30
4083	32
4084	40
4085	37
4086	33
4087	31
4088	24
4089	25
4090	38
4091	41
4092	27
4093	34
4094	31
4095	43
4096	37
4097	38
4098	34
4099	25
4100	24
4101	23
4102	32
4103	33
4104	32
4105	35
4106	36
4107	27
4108	26
4109	30
4110	38
4111	37
4112	36
4113	41
4114	46
4115	49
4116	46
4117	41
4118	30
4119	25
4120	20
4121	39
4122	39
4123	37
4124	31
4125	38
4126	39
4127	25
4128	32
4129	37
4130	39
4131	43
4132	37
4133	40
4134	36
4135	42
4136	25
4137	39
4138	31
4139	35
4140	39
4141	27
4142	33
4143	38
4144	30
4145	31
4146	31
4147	37
4148	39
4149	43
4150	42
4151	34
4152	39
4153	27
4154	41
4155	28
4156	29
4157	32
4158	39
4159	29
4160	32
4161	39
4162	36
4163	31
4164	37
4165	30
4166	40
4167	34
4168	40
4169	36
4170	33
4171	35
4172	36
4173	33
4174	37
4175	32
4176	44
4177	28
4178	37
4179	37
4180	30
4181	30
4182	38
4183	34
4184	28
4185	33
4186	28
4187	28
4188	30
4189	37
4190	33
4191	29
4192	34
4193	35
4194	27
4195	29
4196	29
4197	33
4198	27
4199	28
4200	34
4201	40
4202	25
4203	42
4204	29
4205	28
4206	22
4207	31
4208	42
4209	28
4210	29
4211	38
4212	34
4213	31
4214	24
4215	35
4216	32
4217	33
4218	45
4219	42
4220	31
4221	34
4222	31
4223	36
4224	34
4225	35
4226	33
4227	29
4228	30
4229	30
4230	27
4231	36
4232	33
4233	31
4234	28
4235	42
4236	39
4237	28
4238	27
4239	47
4240	24
4241	28
4242	27
4243	28
4244	31
4245	24
4246	32
4247	24
4248	38
4249	40
4250	30
4251	36
4252	35
4253	28
4254	43
4255	36
4256	29
4257	41
4258	29
4259	37
4260	32
4261	35
4262	24
4263	41
4264	25
4265	43
4266	20
4267	37
4268	21
4269	32
4270	25
4271	43
4272	36
4273	33
4274	30
4275	25
4276	29
4277	37
4278	41
4279	38
4280	30
4281	29
4282	39
4283	30
4284	32
4285	34
4286	28
4287	28
4288	24
4289	22
4290	43
4291	33
4292	34
4293	31
4294	29
4295	37
4296	32
4297	25
4298	29
4299	32
4300	29
4301	31
4302	31
4303	32
4304	33
4305	29
4306	24
4307	32
4308	35
4309	27
4310	33
4311	34
4312	40
4313	32
4314	33
4315	32
4316	33
4317	26
4318	37
4319	34
4320	26
4321	28
4322	38
4323	32
4324	26
4325	34
4326	25
4327	35
4328	37
4329	25
4330	32
4331	34
4332	33
4333	38
4334	32
4335	37
4336	27
4337	37
4338	28
4339	31
4340	28
4341	28
4342	34
4343	33
4344	26
4345	29
4346	31
4347	37
4348	33
4349	22
4350	28
4351	38
4352	40
4353	38
4354	36
4355	35
4356	34
4357	31
4358	32
4359	33
4360	33
4361	36
4362	35
4363	43
4364	35
4365	35
4366	35
4367	30
4368	27
4369	33
4370	29
4371	30
4372	31
4373	39
4374	34
4375	40
4376	36
4377	31
4378	33
4379	35
4380	32
4381	35
4382	30
4383	21
4384	24
4385	43
4386	30
4387	26
4388	38
4389	29
4390	34
4391	34
4392	36
4393	32
4394	38
4395	40
4396	30
4397	43
4398	42
4399	31
4400	30
4401	27
4402	31
4403	38
4404	37
4405	54
4406	44
4407	32
4408	31
4409	44
4410	28
4411	33
4412	25
4413	32
4414	28
4415	28
4416	33
4417	44
4418	36
4419	29
4420	34
4421	38
4422	30
4423	37
4424	28
4425	26
4426	32
4427	26
4428	30
4429	41
4430	39
4431	41
4432	25
4433	41
4434	41
4435	25
4436	31
4437	26
4438	31
4439	31
4440	36
4441	20
4442	30
4443	34
4444	41
4445	38
4446	31
4447	37
4448	29
4449	29
4450	34
4451	38
4452	26
4453	44
4454	41
4455	32
4456	34
4457	32
4458	31
4459	38
4460	43
4461	33
4462	45
4463	34
4464	30
4465	42
4466	28
4467	38
4468	33
4469	25
4470	24
4471	29
4472	38
4473	29
4474	37
4475	27
4476	38
4477	35
4478	35
4479	31
4480	30
4481	29
4482	24
4483	23
4484	28
4485	28
4486	28
4487	36
4488	32
4489	37
4490	34
4491	32
4492	30
4493	26
4494	35
4495	33
4496	31
4497	31
4498	22
4499	41
4500	40
4501	45
4502	27
4503	20
4504	27
4505	28
4506	34
4507	35
4508	28
4509	34
4510	41
4511	32
4512	34
4513	27
4514	39
4515	45
4516	25
4517	28
4518	27
4519	30
4520	44
4521	39
4522	33
4523	42
4524	30
4525	39
4526	29
4527	24
4528	32
4529	32
4530	33
4531	45
4532	40
4533	24
4534	43
4535	30
4536	37
4537	30
4538	34
4539	33
4540	26
4541	38
4542	32
4543	30
4544	25
4545	31
4546	37
4547	37
4548	38
4549	28
4550	40
4551	28
4552	33
4553	25
4554	36
4555	28
4556	30
4557	21
4558	27
4559	46
4560	29
4561	29
4562	45
4563	34
4564	38
4565	39
4566	28
4567	32
4568	34
4569	27
4570	29
4571	36
4572	35
4573	27
4574	31
4575	35
4576	37
4577	27
4578	32
4579	34
4580	31
4581	30
4582	31
4583	27
4584	36
4585	38
4586	27
4587	35
4588	37
4589	31
4590	29
4591	27
4592	28
4593	33
4594	34
4595	25
4596	21
4597	30
4598	28
4599	36
4600	38
4601	29
4602	37
4603	31
4604	36
4605	42
4606	21
4607	37
4608	39
4609	37
4610	28
4611	37
4612	32
4613	39
4614	35
4615	36
4616	31
4617	26
4618	29
4619	28
4620	26
4621	28
4622	23
4623	37
4624	40
4625	31
4626	26
4627	52
4628	34
4629	35
4630	28
4631	28
4632	35
4633	36
4634	28
4635	28
4636	41
4637	35
4638	26
4639	21
4640	39
4641	30
4642	26
4643	39
4644	34
4645	29
4646	28
4647	28
4648	24
4649	21
4650	31
4651	29
4652	42
4653	26
4654	32
4655	28
4656	25
4657	25
4658	33
4659	33
4660	27
4661	38
4662	29
4663	17
4664	41
4665	26
4666	28
4667	40
4668	25
4669	26
4670	30
4671	18
4672	28
4673	31
4674	33
4675	22
4676	31
4677	34
4678	30
4679	31
4680	30
4681	24
4682	33
4683	35
4684	32
4685	38
4686	32
4687	29
4688	33
4689	38
4690	27
4691	32
4692	46
4693	28
4694	30
4695	32
4696	31
4697	35
4698	32
4699	27
4700	25
4701	28
4702	36
4703	31
4704	36
4705	36
4706	37
4707	27
4708	35
4709	33
4710	32
4711	19
4712	38
4713	38
4714	36
4715	30
4716	31
4717	24
4718	38
4719	31
4720	29
4721	25
4722	41
4723	36
4724	30
4725	26
4726	42
4727	42
4728	27
4729	41
4730	42
4731	36
4732	29
4733	39
4734	37
4735	27
4736	33
4737	32
4738	28
4739	35
4740	33
4741	34
4742	21
4743	23
4744	26
4745	31
4746	30
4747	29
4748	35
4749	30
4750	27
4751	40
4752	35
4753	29
4754	26
4755	33
4756	32
4757	31
4758	34
4759	44
4760	27
4761	35
4762	37
4763	31
4764	40
4765	31
4766	34
4767	57
4768	28
4769	25
4770	27
4771	41
4772	19
4773	29
4774	35
4775	41
4776	35
4777	32
4778	36
4779	30
4780	29
4781	40
4782	37
4783	39
4784	28
4785	37
4786	33
4787	34
4788	35
4789	25
4790	36
4791	32
4792	42
4793	28
4794	35
4795	34
4796	24
4797	29
4798	39
4799	40
4800	30
4801	34
4802	24
4803	36
4804	33
4805	35
4806	37
4807	25
4808	22
4809	33
4810	27
4811	28
4812	28
4813	33
4814	23
4815	29
4816	34
4817	33
4818	46
4819	37
4820	27
4821	23
4822	20
4823	34
4824	29
4825	31
4826	24
4827	31
4828	35
4829	28
4830	25
4831	35
4832	31
4833	30
4834	38
4835	28
4836	42
4837	31
4838	31
4839	30
4840	31
4841	29
4842	32
4843	37
4844	32
4845	25
4846	36
4847	34
4848	30
4849	37
4850	32
4851	26
4852	30
4853	22
4854	30
4855	28
4856	32
4857	28
4858	33
4859	31
4860	27
4861	41
4862	23
4863	21
4864	31
4865	25
4866	28
4867	25
4868	32
4869	20
4870	30
4871	20
4872	27
4873	25
4874	23
4875	27
4876	30
4877	32
4878	38
4879	23
4880	28
4881	32
4882	25
4883	26
4884	23
4885	28
4886	40
4887	21
4888	36
4889	30
4890	33
4891	34
4892	30
4893	35
4894	38
4895	33
4896	26
4897	33
4898	24
4899	27
4900	23
4901	21
4902	20
4903	26
4904	23
4905	34
4906	24
4907	30
4908	29
4909	32
4910	35
4911	26
4912	30
4913	33
4914	32
4915	34
4916	32
4917	21
4918	31
4919	34
4920	20
4921	28
4922	28
4923	28
4924	35
4925	31
4926	18
4927	23
4928	30
4929	29
4930	30
4931	26
4932	21
4933	40
4934	20
4935	28
4936	30
4937	26
4938	29
4939	27
4940	32
4941	38
4942	24
4943	19
4944	29
4945	31
4946	26
4947	22
4948	29
4949	34
4950	32
4951	34
4952	32
4953	48
4954	23
4955	41
4956	28
4957	31
4958	25
4959	18
4960	28
4961	18
4962	20
4963	34
4964	37
4965	27
4966	36
4967	36
4968	27
4969	15
4970	32
4971	31
4972	25
4973	29
4974	41
4975	37
4976	31
4977	24
4978	32
4979	34
4980	27
4981	23
4982	28
4983	29
4984	20
4985	28
4986	34
4987	20
4988	21
4989	29
4990	27
4991	25
4992	25
4993	34
4994	31
4995	42
4996	33
4997	23
4998	38
4999	33
5000	29
5001	26
5002	30
5003	34
5004	29
5005	36
5006	30
5007	32
5008	25
5009	38
5010	27
5011	37
5012	30
5013	29
5014	21
5015	26
5016	26
5017	31
5018	30
5019	19
5020	28
5021	36
5022	44
5023	27
5024	29
5025	40
5026	34
5027	25
5028	31
5029	24
5030	29
5031	33
5032	33
5033	24
5034	32
5035	24
5036	38
5037	26
5038	33
5039	24
5040	30
5041	40
5042	28
5043	30
5044	35
5045	37
5046	25
5047	33
5048	22
5049	17
5050	33
5051	26
5052	28
5053	28
5054	24
5055	26
5056	23
5057	45
5058	41
5059	30
5060	30
5061	28
5062	27
5063	29
5064	31
5065	24
5066	23
5067	26
5068	28
5069	17
5070	29
5071	28
5072	28
5073	26
5074	23
5075	21
5076	25
5077	31
5078	27
5079	23
5080	31
5081	37
5082	33
5083	23
5084	22
5085	24
5086	28
5087	29
5088	32
5089	26
5090	22
5091	24
5092	18
5093	27
5094	30
5095	24
5096	29
5097	25
5098	24
5099	24
5100	33
5101	25
5102	22
5103	22
5104	23
5105	29
5106	25
5107	28
5108	27
5109	35
5110	28
5111	29
5112	32
5113	26
5114	31
5115	35
5116	22
5117	27
5118	29
5119	21
5120	35
5121	19
5122	29
5123	26
5124	20
5125	29
5126	32
5127	32
5128	16
5129	18
5130	23
5131	30
5132	31
5133	23
5134	22
5135	27
5136	36
5137	37
5138	21
5139	29
5140	29
5141	33
5142	27
5143	24
5144	28
5145	19
5146	23
5147	34
5148	27
5149	19
5150	28
5151	33
5152	32
5153	18
5154	26
5155	25
5156	28
5157	24
5158	31
5159	31
5160	23
5161	25
5162	26
5163	27
5164	19
5165	33
5166	37
5167	22
5168	25
5169	23
5170	37
5171	24
5172	25
5173	24
5174	27
5175	19
5176	28
5177	24
5178	26
5179	30
5180	23
5181	19
5182	29
5183	21
5184	36
5185	19
5186	27
5187	34
5188	25
5189	35
5190	23
5191	19
5192	30
5193	29
5194	20
5195	30
5196	34
5197	22
5198	22
5199	22
5200	26
5201	26
5202	18
5203	33
5204	20
5205	23
5206	19
5207	25
5208	30
5209	20
5210	25
5211	29
5212	31
5213	21
5214	23
5215	31
5216	38
5217	33
5218	25
5219	24
5220	18
5221	29
5222	24
5223	30
5224	18
5225	30
5226	23
5227	26
5228	25
5229	24
5230	20
5231	26
5232	26
5233	24
5234	27
5235	25
5236	32
5237	22
5238	24
5239	38
5240	36
5241	24
5242	29
5243	27
5244	24
5245	23
5246	26
5247	20
5248	28
5249	26
5250	26
5251	22
5252	36
5253	24
5254	28
5255	30
5256	25
5257	18
5258	29
5259	27
5260	16
5261	29
5262	23
5263	27
5264	23
5265	17
5266	27
5267	35
5268	20
5269	20
5270	20
5271	20
5272	29
5273	34
5274	25
5275	24
5276	17
5277	17
5278	26
5279	22
5280	19
5281	24
5282	26
5283	27
5284	25
5285	14
5286	25
5287	23
5288	15
5289	22
5290	26
5291	24
5292	28
5293	34
5294	23
5295	24
5296	26
5297	32
5298	19
5299	35
5300	29
5301	34
5302	24
5303	30
5304	25
5305	24
5306	29
5307	26
5308	27
5309	24
5310	29
5311	28
5312	21
5313	31
5314	21
5315	29
5316	24
5317	28
5318	37
5319	20
5320	26
5321	30
5322	22
5323	31
5324	27
5325	26
5326	30
5327	35
5328	25
5329	23
5330	19
5331	24
5332	28
5333	32
5334	23
5335	24
5336	25
5337	21
5338	26
5339	31
5340	36
5341	26
5342	28
5343	30
5344	21
5345	26
5346	17
5347	26
5348	23
5349	34
5350	18
5351	26
5352	14
5353	23
5354	22
5355	25
5356	29
5357	32
5358	23
5359	23
5360	17
5361	18
5362	31
5363	25
5364	35
5365	34
5366	26
5367	28
5368	25
5369	23
5370	23
5371	26
5372	20
5373	25
5374	24
5375	19
5376	20
5377	28
5378	25
5379	24
5380	28
5381	23
5382	19
5383	20
5384	26
5385	26
5386	30
5387	23
5388	23
5389	21
5390	22
5391	24
5392	29
5393	24
5394	25
5395	29
5396	30
5397	27
5398	25
5399	22
5400	17
5401	27
5402	24
5403	22
5404	19
5405	33
5406	29
5407	21
5408	15
5409	31
5410	25
5411	28
5412	27
5413	23
5414	24
5415	24
5416	20
5417	25
5418	17
5419	20
5420	22
5421	26
5422	28
5423	16
5424	25
5425	31
5426	19
5427	24
5428	20
5429	18
5430	18
5431	29
5432	26
5433	24
5434	21
5435	28
5436	23
5437	25
5438	24
5439	20
5440	24
5441	12
5442	29
5443	24
5444	20
5445	29
5446	19
5447	20
5448	27
5449	21
5450	24
5451	30
5452	23
5453	29
5454	27
5455	30
5456	22
5457	23
5458	24
5459	16
5460	28
5461	25
5462	18
5463	31
5464	28
5465	21
5466	27
5467	24
5468	15
5469	18
5470	21
5471	27
5472	23
5473	38
5474	24
5475	23
5476	24
5477	23
5478	24
5479	21
5480	21
5481	24
5482	22
5483	19
5484	26
5485	27
5486	24
5487	12
5488	32
5489	18
5490	36
5491	22
5492	25
5493	25
5494	14
5495	34
5496	21
5497	28
5498	26
5499	17
5500	30
5501	25
5502	24
5503	23
5504	30
5505	24
5506	22
5507	32
5508	27
5509	23
5510	23
5511	25
5512	22
5513	28
5514	23
5515	20
5516	28
5517	19
5518	25
5519	24
5520	36
5521	30
5522	24
5523	15
5524	25
5525	28
5526	25
5527	22
5528	25
5529	26
5530	31
5531	12
5532	25
5533	22
5534	19
5535	18
5536	31
5537	26
5538	19
5539	31
5540	29
5541	26
5542	30
5543	27
5544	29
5545	24
5546	20
5547	33
5548	32
5549	16
5550	24
5551	31
5552	29
5553	32
5554	22
5555	27
5556	27
5557	29
5558	31
5559	33
5560	29
5561	28
5562	21
5563	21
5564	24
5565	24
5566	27
5567	35
5568	30
5569	22
5570	22
5571	29
5572	23
5573	32
5574	26
5575	24
5576	24
5577	31
5578	34
5579	24
5580	30
5581	25
5582	27
5583	21
5584	23
5585	26
5586	33
5587	28
5588	30
5589	29
5590	26
5591	20
5592	34
5593	27
5594	24
5595	21
5596	30
5597	24
5598	28
5599	15
5600	26
5601	21
5602	18
5603	26
5604	31
5605	23
5606	26
5607	24
5608	33
5609	20
5610	24
5611	23
5612	14
5613	25
5614	21
5615	27
5616	19
5617	25
5618	30
5619	35
5620	30
5621	22
5622	21
5623	28
5624	27
5625	30
5626	28
5627	22
5628	32
5629	28
5630	23
5631	32
5632	19
5633	31
5634	20
5635	22
5636	24
5637	25
5638	32
5639	20
5640	33
5641	20
5642	36
5643	31
5644	21
5645	35
5646	20
5647	24
5648	16
5649	26
5650	22
5651	16
5652	20
5653	28
5654	23
5655	31
5656	24
5657	27
5658	20
5659	26
5660	25
5661	27
5662	28
5663	25
5664	25
5665	23
5666	20
5667	32
5668	36
5669	31
5670	25
5671	23
5672	21
5673	33
5674	24
5675	38
5676	32
5677	30
5678	16
5679	24
5680	24
5681	22
5682	34
5683	22
5684	21
5685	28
5686	27
5687	26
5688	27
5689	26
5690	26
5691	26
5692	26
5693	25
5694	36
5695	30
5696	30
5697	20
5698	18
5699	31
5700	30
5701	28
5702	34
5703	26
5704	19
5705	20
5706	29
5707	27
5708	30
5709	26
5710	26
5711	27
5712	29
5713	28
5714	21
5715	17
5716	31
5717	24
5718	22
5719	18
5720	37
5721	28
5722	21
5723	27
5724	20
5725	25
5726	25
5727	33
5728	24
5729	22
5730	26
5731	25
5732	18
5733	29
5734	30
5735	15
5736	28
5737	26
5738	22
5739	22
5740	23
5741	27
5742	16
5743	20
5744	22
5745	17
5746	31
5747	29
5748	21
5749	28
5750	22
5751	21
5752	33
5753	20
5754	14
5755	23
5756	21
5757	16
5758	17
5759	29
5760	25
5761	23
5762	28
5763	18
5764	22
5765	18
5766	27
5767	29
5768	21
5769	27
5770	23
5771	28
5772	20
5773	27
5774	32
5775	31
5776	18
5777	22
5778	32
5779	22
5780	23
5781	27
5782	27
5783	33
5784	25
5785	32
5786	25
5787	30
5788	30
5789	21
5790	20
5791	26
5792	23
5793	20
5794	29
5795	19
5796	19
5797	20
5798	18
5799	21
5800	27
5801	26
5802	28
5803	20
5804	25
5805	32
5806	20
5807	28
5808	22
5809	24
5810	27
5811	26
5812	26
5813	22
5814	25
5815	35
5816	21
5817	25
5818	28
5819	27
5820	27
5821	29
5822	19
5823	28
5824	17
5825	30
5826	26
5827	26
5828	27
5829	23
5830	27
5831	27
5832	31
5833	28
5834	25
5835	20
5836	26
5837	25
5838	17
5839	21
5840	21
5841	22
5842	21
5843	32
5844	27
5845	20
5846	23
5847	18
5848	29
5849	24
5850	22
5851	27
5852	24
5853	26
5854	24
5855	27
5856	33
5857	23
5858	31
5859	42
5860	20
5861	27
5862	18
5863	34
5864	18
5865	18
5866	30
5867	22
5868	32
5869	26
5870	28
5871	30
5872	27
5873	22
5874	31
5875	24
5876	31
5877	32
5878	24
5879	24
5880	22
5881	28
5882	22
5883	21
5884	29
5885	26
5886	32
5887	22
5888	29
5889	34
5890	23
5891	28
5892	25
5893	35
5894	30
5895	21
5896	32
5897	29
5898	31
5899	32
5900	28
5901	25
5902	30
5903	28
5904	33
5905	25
5906	30
5907	35
5908	35
5909	32
5910	28
5911	30
5912	31
5913	20
5914	19
5915	24
5916	29
5917	31
5918	27
5919	27
5920	19
5921	29
5922	19
5923	38
5924	36
5925	28
5926	24
5927	27
5928	38
5929	23
5930	32
5931	18
5932	31
5933	23
5934	31
5935	19
5936	27
5937	25
5938	30
5939	29
5940	23
5941	28
5942	37
5943	26
5944	35
5945	31
5946	26
5947	21
5948	26
5949	24
5950	30
5951	20
5952	25
5953	31
5954	22
5955	27
5956	30
5957	24
5958	34
5959	25
5960	29
5961	19
5962	24
5963	18
5964	22
5965	23
5966	27
5967	33
5968	35
5969	31
5970	27
5971	28
5972	25
5973	27
5974	25
5975	31
5976	28
5977	30
5978	14
5979	29
5980	25
5981	26
5982	37
5983	24
5984	19
5985	33
5986	27
5987	27
5988	28
5989	26
5990	16
5991	30
5992	31
5993	21
5994	13
5995	25
5996	22
5997	20
5998	24
5999	22
6000	32
6001	22
6002	30
6003	34
6004	20
6005	25
6006	25
6007	27
6008	17
6009	33
6010	28
6011	21
6012	23
6013	30
6014	28
6015	21
6016	22
6017	19
6018	26
6019	30
6020	34
6021	34
6022	27
6023	24
6024	27
6025	24
6026	30
6027	20
6028	28
6029	20
6030	26
6031	24
6032	34
6033	32
6034	20
6035	30
6036	23
6037	26
6038	33
6039	26
6040	22
6041	23
6042	18
6043	17
6044	20
6045	24
6046	33
6047	25
6048	22
6049	27
6050	23
6051	34
6052	25
6053	20
6054	29
6055	24
6056	25
6057	22
6058	37
6059	23
6060	30
6061	24
6062	29
6063	31
6064	14
6065	27
6066	24
6067	18
6068	20
6069	21
6070	33
6071	29
6072	29
6073	21
6074	26
6075	27
6076	26
6077	21
6078	32
6079	20
6080	22
6081	35
6082	26
6083	36
6084	24
6085	19
6086	36
6087	21
6088	25
6089	25
6090	32
6091	26
6092	23
6093	25
6094	23
6095	23
6096	30
6097	31
6098	27
6099	32
6100	26
6101	20
6102	21
6103	34
6104	22
6105	25
6106	25
6107	30
6108	20
6109	22
6110	29
6111	23
6112	16
6113	24
6114	18
6115	22
6116	20
6117	24
6118	24
6119	29
6120	26
6121	23
6122	27
6123	24
6124	30
6125	26
6126	24
6127	23
6128	21
6129	24
6130	20
6131	20
6132	21
6133	27
6134	31
6135	22
6136	15
6137	22
6138	18
6139	26
6140	24
6141	26
6142	23
6143	22
6144	29
6145	20
6146	22
6147	27
6148	27
6149	33
6150	23
6151	27
6152	20
6153	21
6154	27
6155	19
6156	17
6157	23
6158	24
6159	33
6160	18
6161	21
6162	16
6163	22
6164	20
6165	27
6166	16
6167	25
6168	23
6169	22
6170	25
6171	17
6172	20
6173	19
6174	24
6175	23
6176	18
6177	22
6178	21
6179	21
6180	29
6181	27
6182	22
6183	29
6184	20
6185	24
6186	24
6187	25
6188	21
6189	18
6190	29
6191	25
6192	21
6193	25
6194	28
6195	28
6196	19
6197	19
6198	29
6199	24
6200	25
6201	18
6202	21
6203	34
6204	21
6205	30
6206	26
6207	27
6208	33
6209	19
6210	32
6211	27
6212	25
6213	19
6214	23
6215	21
6216	25
6217	25
6218	33
6219	28
6220	25
6221	29
6222	24
6223	20
6224	20
6225	18
6226	22
6227	20
6228	25
6229	27
6230	22
6231	30
6232	24
6233	22
6234	26
6235	22
6236	25
6237	20
6238	21
6239	23
6240	27
6241	26
6242	14
6243	25
6244	25
6245	17
6246	19
6247	22
6248	22
6249	21
6250	14
6251	25
6252	26
6253	8
6254	27
6255	21
6256	22
6257	17
6258	24
6259	16
6260	31
6261	26
6262	26
6263	30
6264	23
6265	27
6266	24
6267	24
6268	23
6269	23
6270	24
6271	27
6272	22
6273	24
6274	31
6275	22
6276	19
6277	19
6278	27
6279	15
6280	25
6281	24
6282	16
6283	20
6284	23
6285	18
6286	30
6287	31
6288	20
6289	23
6290	25
6291	32
6292	32
6293	26
6294	25
6295	26
6296	25
6297	12
6298	21
6299	18
6300	24
6301	32
6302	26
6303	21
6304	29
6305	21
6306	27
6307	30
6308	28
6309	26
6310	24
6311	26
6312	25
6313	31
6314	25
6315	23
6316	22
6317	16
6318	27
6319	31
6320	29
6321	25
6322	23
6323	17
6324	38
6325	27
6326	36
6327	24
6328	25
6329	18
6330	20
6331	24
6332	23
6333	22
6334	26
6335	24
6336	27
6337	24
6338	15
6339	25
6340	31
6341	30
6342	29
6343	26
6344	29
6345	22
6346	27
6347	25
6348	31
6349	27
6350	33
6351	26
6352	20
6353	35
6354	33
6355	24
6356	29
6357	29
6358	26
6359	18
6360	27
6361	26
6362	32
6363	21
6364	30
6365	29
6366	23
6367	24
6368	22
6369	21
6370	26
6371	43
6372	27
6373	20
6374	25
6375	21
6376	24
6377	28
6378	23
6379	16
6380	28
6381	33
6382	22
6383	21
6384	19
6385	24
6386	26
6387	25
6388	33
6389	26
6390	27
6391	24
6392	21
6393	23
6394	17
6395	24
6396	23
6397	27
6398	27
6399	27
6400	24
6401	20
6402	21
6403	25
6404	30
6405	25
6406	26
6407	12
6408	25
6409	29
6410	16
6411	24
6412	25
6413	25
6414	22
6415	22
6416	22
6417	29
6418	24
6419	21
6420	17
6421	28
6422	29
6423	21
6424	19
6425	16
6426	18
6427	25
6428	25
6429	14
6430	25
6431	20
6432	23
6433	24
6434	31
6435	42
6436	15
6437	26
6438	25
6439	24
6440	26
6441	21
6442	21
6443	24
6444	24
6445	24
6446	29
6447	24
6448	23
6449	16
6450	20
6451	17
6452	13
6453	25
6454	24
6455	28
6456	21
6457	18
6458	28
6459	30
6460	14
6461	28
6462	23
6463	34
6464	27
6465	18
6466	28
6467	20
6468	22
6469	26
6470	18
6471	22
6472	29
6473	23
6474	19
6475	26
6476	33
6477	26
6478	22
6479	33
6480	21
6481	24
6482	20
6483	27
6484	25
6485	19
6486	30
6487	28
6488	26
6489	37
6490	30
6491	18
6492	14
6493	33
6494	26
6495	33
6496	19
6497	23
6498	28
6499	29
6500	34
6501	27
6502	27
6503	26
6504	29
6505	29
6506	27
6507	27
6508	21
6509	27
6510	22
6511	30
6512	20
6513	30
6514	32
6515	32
6516	28
6517	29
6518	25
6519	24
6520	34
6521	19
6522	22
6523	24
6524	29
6525	40
6526	27
6527	30
6528	22
6529	26
6530	25
6531	30
6532	21
6533	20
6534	29
6535	23
6536	22
6537	22
6538	33
6539	21
6540	20
6541	25
6542	20
6543	36
6544	32
6545	30
6546	28
6547	20
6548	17
6549	19
6550	26
6551	29
6552	36
6553	26
6554	25
6555	28
6556	23
6557	22
6558	21
6559	29
6560	24
6561	25
6562	28
6563	28
6564	24
6565	28
6566	30
6567	27
6568	26
6569	24
6570	20
6571	29
6572	20
6573	26
6574	22
6575	28
6576	27
6577	14
6578	25
6579	25
6580	21
6581	16
6582	28
6583	23
6584	32
6585	18
6586	25
6587	33
6588	27
6589	24
6590	22
6591	25
6592	27
6593	26
6594	22
6595	28
6596	20
6597	18
6598	30
6599	28
6600	26
6601	25
6602	21
6603	20
6604	19
6605	24
6606	32
6607	22
6608	21
6609	21
6610	30
6611	26
6612	19
6613	22
6614	35
6615	30
6616	28
6617	22
6618	36
6619	28
6620	24
6621	24
6622	33
6623	25
6624	25
6625	21
6626	27
6627	29
6628	25
6629	18
6630	25
6631	24
6632	25
6633	25
6634	27
6635	25
6636	20
6637	24
6638	29
6639	24
6640	32
6641	23
6642	17
6643	24
6644	37
6645	26
6646	27
6647	27
6648	19
6649	21
6650	24
6651	29
6652	30
6653	22
6654	30
6655	28
6656	24
6657	24
6658	23
6659	33
6660	20
6661	27
6662	22
6663	22
6664	24
6665	15
6666	35
6667	25
6668	30
6669	33
6670	24
6671	30
6672	21
6673	30
6674	24
6675	36
6676	24
6677	26
6678	32
6679	26
6680	27
6681	31
6682	25
6683	23
6684	26
6685	32
6686	24
6687	24
6688	34
6689	39
6690	31
6691	29
6692	23
6693	15
6694	24
6695	31
6696	23
6697	28
6698	26
6699	26
6700	24
6701	30
6702	22
6703	31
6704	26
6705	30
6706	35
6707	33
6708	22
6709	33
6710	35
6711	32
6712	30
6713	32
6714	26
6715	25
6716	29
6717	31
6718	23
6719	23
6720	25
6721	34
6722	30
6723	27
6724	34
6725	20
6726	34
6727	24
6728	23
6729	26
6730	27
6731	32
6732	21
6733	23
6734	28
6735	21
6736	32
6737	25
6738	20
6739	28
6740	20
6741	27
6742	27
6743	33
6744	25
6745	29
6746	28
6747	32
6748	30
6749	32
6750	33
6751	28
6752	28
6753	26
6754	25
6755	29
6756	28
6757	37
6758	35
6759	28
6760	25
6761	30
6762	22
6763	26
6764	26
6765	29
6766	34
6767	27
6768	25
6769	35
6770	23
6771	31
6772	23
6773	33
6774	29
6775	38
6776	25
6777	31
6778	31
6779	30
6780	28
6781	26
6782	37
6783	34
6784	33
6785	33
6786	36
6787	24
6788	30
6789	25
6790	21
6791	31
6792	21
6793	32
6794	36
6795	36
6796	32
6797	29
6798	33
6799	20
6800	27
6801	23
6802	32
6803	27
6804	31
6805	24
6806	22
6807	28
6808	19
6809	31
6810	29
6811	26
6812	20
6813	22
6814	33
6815	20
6816	33
6817	28
6818	31
6819	27
6820	18
6821	32
6822	39
6823	24
6824	23
6825	26
6826	28
6827	24
6828	35
6829	24
6830	24
6831	33
6832	30
6833	17
6834	29
6835	33
6836	26
6837	28
6838	20
6839	30
6840	16
6841	20
6842	36
6843	30
6844	27
6845	28
6846	20
6847	31
6848	28
6849	23
6850	38
6851	38
6852	30
6853	36
6854	33
6855	26
6856	36
6857	33
6858	26
6859	25
6860	27
6861	23
6862	36
6863	23
6864	19
6865	28
6866	23
6867	20
6868	21
6869	30
6870	33
6871	27
6872	28
6873	22
6874	26
6875	21
6876	22
6877	31
6878	40
6879	27
6880	26
6881	34
6882	26
6883	31
6884	23
6885	26
6886	27
6887	29
6888	26
6889	27
6890	35
6891	20
6892	28
6893	27
6894	21
6895	28
6896	31
6897	32
6898	25
6899	33
6900	33
6901	29
6902	34
6903	27
6904	32
6905	34
6906	27
6907	30
6908	29
6909	22
6910	25
6911	28
6912	32
6913	25
6914	30
6915	32
6916	24
6917	30
6918	25
6919	31
6920	30
6921	31
6922	25
6923	27
6924	33
6925	27
6926	28
6927	17
6928	34
6929	17
6930	36
6931	32
6932	29
6933	35
6934	21
6935	17
6936	21
6937	41
6938	29
6939	31
6940	35
6941	22
6942	36
6943	36
6944	29
6945	28
6946	30
6947	37
6948	33
6949	38
6950	25
6951	21
6952	25
6953	41
6954	28
6955	27
6956	37
6957	35
6958	35
6959	25
6960	25
6961	23
6962	36
6963	22
6964	27
6965	25
6966	38
6967	24
6968	30
6969	27
6970	38
6971	27
6972	31
6973	18
6974	30
6975	22
6976	28
6977	30
6978	27
6979	28
6980	24
6981	30
6982	20
6983	24
6984	32
6985	21
6986	29
6987	26
6988	31
6989	20
6990	34
6991	30
6992	22
6993	26
6994	29
6995	33
6996	30
6997	27
6998	26
6999	25
7000	28
7001	22
7002	24
7003	33
7004	37
7005	27
7006	27
7007	37
7008	32
7009	23
7010	27
7011	29
7012	35
7013	31
7014	36
7015	22
7016	25
7017	26
7018	26
7019	31
7020	43
7021	27
7022	28
7023	28
7024	31
7025	29
7026	29
7027	29
7028	30
7029	35
7030	25
7031	31
7032	27
7033	30
7034	33
7035	28
7036	30
7037	43
7038	24
7039	33
7040	25
7041	27
7042	22
7043	32
7044	38
7045	30
7046	37
7047	22
7048	24
7049	33
7050	34
7051	30
7052	35
7053	22
7054	36
7055	32
7056	35
7057	33
7058	31
7059	35
7060	23
7061	24
7062	25
7063	22
7064	22
7065	24
7066	30
7067	22
7068	30
7069	38
7070	29
7071	34
7072	31
7073	32
7074	31
7075	22
7076	31
7077	41
7078	28
7079	35
7080	26
7081	24
7082	24
7083	28
7084	30
7085	38
7086	27
7087	30
7088	35
7089	24
7090	28
7091	23
7092	24
7093	25
7094	23
7095	33
7096	26
7097	22
7098	20
7099	26
7100	21
7101	30
7102	18
7103	27
7104	19
7105	34
7106	24
7107	29
7108	28
7109	24
7110	28
7111	25
7112	33
7113	30
7114	26
7115	26
7116	19
7117	17
7118	29
7119	27
7120	27
7121	19
7122	27
7123	26
7124	20
7125	22
7126	23
7127	39
7128	32
7129	24
7130	28
7131	30
7132	24
7133	26
7134	32
7135	24
7136	17
7137	33
7138	24
7139	21
7140	24
7141	24
7142	24
7143	17
7144	34
7145	22
7146	29
7147	31
7148	31
7149	19
7150	28
7151	24
7152	33
7153	15
7154	33
7155	32
7156	21
7157	27
7158	25
7159	32
7160	32
7161	18
7162	29
7163	23
7164	23
7165	25
7166	20
7167	19
7168	32
7169	26
7170	20
7171	19
7172	25
7173	28
7174	17
7175	19
7176	24
7177	18
7178	30
7179	19
7180	28
7181	22
7182	21
7183	19
7184	18
7185	27
7186	18
7187	24
7188	18
7189	28
7190	15
7191	18
7192	28
7193	32
7194	30
7195	29
7196	28
7197	21
7198	18
7199	18
7200	21
7201	29
7202	25
7203	19
7204	27
7205	11
7206	18
7207	21
7208	19
7209	20
7210	16
7211	20
7212	27
7213	15
7214	28
7215	22
7216	20
7217	21
7218	13
7219	26
7220	16
7221	20
7222	16
7223	20
7224	16
7225	23
7226	24
7227	15
7228	13
7229	29
7230	18
7231	29
7232	24
7233	21
7234	29
7235	16
7236	27
7237	23
7238	26
7239	13
7240	20
7241	23
7242	18
7243	25
7244	27
7245	21
7246	19
7247	23
7248	23
7249	26
7250	19
7251	23
7252	17
7253	25
7254	25
7255	23
7256	25
7257	17
7258	26
7259	12
7260	22
7261	25
7262	31
7263	33
7264	21
7265	25
7266	18
7267	16
7268	22
7269	25
7270	20
7271	21
7272	30
7273	22
7274	21
7275	20
7276	18
7277	20
7278	25
7279	15
7280	15
7281	18
7282	19
7283	17
7284	21
7285	25
7286	24
7287	17
7288	19
7289	18
7290	17
7291	18
7292	18
7293	16
7294	21
7295	27
7296	15
7297	26
7298	26
7299	18
7300	18
7301	20
7302	15
7303	15
7304	14
7305	17
7306	27
7307	18
7308	24
7309	18
7310	17
7311	28
7312	26
7313	16
7314	21
7315	17
7316	13
7317	21
7318	13
7319	14
7320	15
7321	18
7322	13
7323	24
7324	21
7325	15
7326	21
7327	21
7328	23
7329	19
7330	18
7331	18
7332	17
7333	25
7334	18
7335	22
7336	24
7337	18
7338	15
7339	16
7340	21
7341	21
7342	19
7343	23
7344	18
7345	21
7346	19
7347	20
7348	29
7349	22
7350	23
7351	20
7352	29
7353	15
7354	17
7355	21
7356	18
7357	11
7358	21
7359	15
7360	20
7361	14
7362	25
7363	18
7364	16
7365	22
7366	13
7367	14
7368	20
7369	16
7370	22
7371	21
7372	26
7373	21
7374	22
7375	25
7376	27
7377	36
7378	27
7379	23
7380	15
7381	25
7382	16
7383	25
7384	21
7385	23
7386	25
7387	14
7388	27
7389	21
7390	25
7391	14
7392	28
7393	23
7394	18
7395	20
7396	25
7397	16
7398	30
7399	23
7400	18
7401	16
7402	17
7403	16
7404	24
7405	26
7406	23
7407	22
7408	25
7409	23
7410	13
7411	23
7412	21
7413	26
7414	23
7415	17
7416	35
7417	28
7418	20
7419	23
7420	26
7421	18
7422	26
7423	34
7424	21
7425	19
7426	26
7427	23
7428	26
7429	27
7430	29
7431	33
7432	23
7433	28
7434	28
7435	20
7436	22
7437	18
7438	32
7439	16
7440	24
7441	28
7442	28
7443	31
7444	22
7445	16
7446	28
7447	32
7448	19
7449	14
7450	22
7451	27
7452	20
7453	29
7454	22
7455	28
7456	20
7457	23
7458	27
7459	23
7460	17
7461	26
7462	24
7463	21
7464	26
7465	26
7466	18
7467	14
7468	23
7469	24
7470	23
7471	20
7472	27
7473	26
7474	23
7475	17
7476	24
7477	24
7478	20
7479	12
7480	28
7481	31
7482	20
7483	17
7484	19
7485	19
7486	27
7487	22
7488	21
7489	18
7490	16
7491	13
7492	17
7493	16
7494	20
7495	23
7496	16
7497	17
7498	25
7499	20
7500	19
7501	18
7502	23
7503	16
7504	18
7505	23
7506	19
7507	20
7508	17
7509	34
7510	24
7511	29
7512	22
7513	23
7514	30
7515	25
7516	18
7517	24
7518	24
7519	24
7520	25
7521	20
7522	15
7523	20
7524	22
7525	19
7526	28
7527	20
7528	23
7529	23
7530	25
7531	24
7532	17
7533	17
7534	21
7535	14
7536	16
7537	16
7538	18
7539	13
7540	24
7541	15
7542	25
7543	20
7544	24
7545	11
7546	22
7547	18
7548	15
7549	19
7550	21
7551	21
7552	15
7553	20
7554	29
7555	18
7556	29
7557	14
7558	25
7559	22
7560	22
7561	17
7562	10
7563	15
7564	26
7565	21
7566	17
7567	21
7568	26
7569	19
7570	16
7571	21
7572	20
7573	26
7574	22
7575	18
7576	17
7577	12
7578	19
7579	18
7580	14
7581	20
7582	27
7583	17
7584	22
7585	27
7586	24
7587	21
7588	26
7589	16
7590	27
7591	28
7592	20
7593	19
7594	11
7595	21
7596	16
7597	18
7598	12
7599	22
7600	15
7601	17
7602	19
7603	19
7604	28
7605	27
7606	15
7607	21
7608	26
7609	18
7610	19
7611	23
7612	23
7613	18
7614	17
7615	26
7616	17
7617	15
7618	17
7619	18
7620	18
7621	26
7622	24
7623	25
7624	20
7625	29
7626	19
7627	23
7628	18
7629	25
7630	19
7631	18
7632	20
7633	20
7634	20
7635	20
7636	15
7637	17
7638	28
7639	21
7640	20
7641	20
7642	21
7643	21
7644	16
7645	23
7646	20
7647	11
7648	26
7649	23
7650	21
7651	31
7652	15
7653	11
7654	16
7655	24
7656	24
7657	18
7658	20
7659	31
7660	18
7661	19
7662	12
7663	21
7664	17
7665	27
7666	21
7667	23
7668	18
7669	25
7670	13
7671	23
7672	22
7673	18
7674	15
7675	23
7676	21
7677	19
7678	22
7679	18
7680	21
7681	16
7682	15
7683	29
7684	15
7685	25
7686	22
7687	15
7688	21
7689	15
7690	23
7691	26
7692	17
7693	19
7694	24
7695	23
7696	13
7697	14
7698	14
7699	21
7700	23
7701	21
7702	19
7703	20
7704	18
7705	25
7706	16
7707	21
7708	15
7709	19
7710	19
7711	13
7712	16
7713	22
7714	22
7715	17
7716	22
7717	15
7718	20
7719	16
7720	19
7721	18
7722	13
7723	15
7724	19
7725	19
7726	16
7727	21
7728	20
7729	11
7730	19
7731	18
7732	22
7733	20
7734	16
7735	21
7736	17
7737	17
7738	18
7739	25
7740	13
7741	17
7742	18
7743	23
7744	14
7745	15
7746	20
7747	22
7748	26
7749	20
7750	12
7751	19
7752	22
7753	21
7754	16
7755	23
7756	19
7757	18
7758	22
7759	25
7760	17
7761	17
7762	20
7763	17
7764	19
7765	18
7766	13
7767	34
7768	15
7769	15
7770	19
7771	13
7772	14
7773	14
7774	20
7775	14
7776	23
7777	24
7778	20
7779	16
7780	19
7781	20
7782	18
7783	13
7784	17
7785	15
7786	13
7787	22
7788	14
7789	21
7790	21
7791	15
7792	14
7793	14
7794	16
7795	16
7796	21
7797	13
7798	17
7799	22
7800	29
7801	16
7802	17
7803	19
7804	13
7805	25
7806	22
7807	18
7808	13
7809	25
7810	19
7811	11
7812	29
7813	19
7814	22
7815	20
7816	16
7817	26
7818	21
7819	20
7820	17
7821	20
7822	23
7823	22
7824	24
7825	12
7826	29
7827	15
7828	17
7829	22
7830	20
7831	20
7832	22
7833	23
7834	24
7835	20
7836	20
7837	27
7838	17
7839	27
7840	25
7841	16
7842	23
7843	20
7844	29
7845	27
7846	16
7847	11
7848	22
7849	21
7850	16
7851	18
7852	17
7853	26
7854	25
7855	16
7856	11
7857	16
7858	19
7859	18
7860	22
7861	21
7862	19
7863	23
7864	24
7865	21
7866	24
7867	22
7868	22
7869	27
7870	25
7871	20
7872	21
7873	20
7874	25
7875	17
7876	20
7877	18
7878	16
7879	17
7880	20
7881	18
7882	25
7883	16
7884	22
7885	17
7886	16
7887	13
7888	11
7889	20
7890	23
7891	18
7892	17
7893	22
7894	19
7895	22
7896	20
7897	18
7898	18
7899	24
7900	24
7901	24
7902	25
7903	22
7904	26
7905	24
7906	20
7907	18
7908	17
7909	18
7910	20
7911	26
7912	26
7913	18
7914	21
7915	16
7916	18
7917	19
7918	17
7919	22
7920	21
7921	12
7922	26
7923	22
7924	20
7925	25
7926	21
7927	22
7928	20
7929	20
7930	17
7931	23
7932	16
7933	25
7934	21
7935	21
7936	20
7937	18
7938	24
7939	23
7940	18
7941	24
7942	20
7943	28
7944	23
7945	20
7946	14
7947	23
7948	24
7949	20
7950	15
7951	23
7952	30
7953	25
7954	27
7955	16
7956	26
7957	21
7958	15
7959	21
7960	22
7961	16
7962	21
7963	22
7964	24
7965	17
7966	23
7967	16
7968	22
7969	18
7970	16
7971	20
7972	20
7973	24
7974	20
7975	23
7976	26
7977	9
7978	26
7979	24
7980	18
7981	18
7982	16
7983	16
7984	28
7985	14
7986	15
7987	20
7988	13
7989	15
7990	21
7991	27
7992	14
7993	14
7994	14
7995	16
7996	27
7997	24
7998	25
7999	23
8000	15
8001	20
8002	14
8003	19
8004	25
8005	22
8006	15
8007	22
8008	18
8009	19
8010	20
8011	15
8012	13
8013	18
8014	25
8015	17
8016	13
8017	17
8018	14
8019	11
8020	17
8021	15
8022	18
8023	22
8024	14
8025	19
8026	20
8027	20
8028	15
8029	19
8030	18
8031	18
8032	14
8033	21
8034	18
8035	19
8036	25
8037	23
8038	14
8039	24
8040	13
8041	17
8042	15
8043	18
8044	12
8045	20
8046	15
8047	16
8048	22
8049	21
8050	21
8051	22
8052	18
8053	16
8054	17
8055	23
8056	11
8057	23
8058	19
8059	16
8060	13
8061	25
8062	17
8063	16
8064	18
8065	27
8066	20
8067	17
8068	14
8069	23
8070	20
8071	19
8072	25
8073	17
8074	26
8075	20
8076	27
8077	18
8078	12
8079	19
8080	16
8081	15
8082	13
8083	16
8084	17
8085	18
8086	13
8087	23
8088	20
8089	28
8090	22
8091	16
8092	27
8093	17
8094	19
8095	20
8096	16
8097	22
8098	21
8099	10
8100	16
8101	22
8102	21
8103	17
8104	11
8105	30
8106	15
8107	16
8108	20
8109	24
8110	20
8111	12
8112	15
8113	20
8114	18
8115	12
8116	13
8117	20
8118	25
8119	18
8120	19
8121	21
8122	22
8123	26
8124	23
8125	18
8126	16
8127	25
8128	14
8129	25
8130	19
8131	25
8132	15
8133	17
8134	17
8135	20
8136	27
8137	12
8138	12
8139	20
8140	23
8141	19
8142	15
8143	17
8144	21
8145	19
8146	21
8147	13
8148	21
8149	17
8150	17
8151	12
8152	21
8153	26
8154	19
8155	21
8156	16
8157	9
8158	13
8159	20
8160	17
8161	24
8162	17
8163	22
8164	25
8165	12
8166	15
8167	25
8168	22
8169	16
8170	25
8171	25
8172	20
8173	17
8174	28
8175	17
8176	17
8177	28
8178	25
8179	20
8180	24
8181	23
8182	24
8183	17
8184	15
8185	28
8186	17
8187	29
8188	15
8189	21
8190	20
8191	15
8192	13
8193	14
8194	16
8195	18
8196	13
8197	16
8198	18
8199	25
8200	23
8201	18
8202	18
8203	27
8204	12
8205	24
8206	15
8207	15
8208	17
8209	20
8210	26
8211	25
8212	24
8213	19
8214	18
8215	17
8216	14
8217	18
8218	15
8219	24
8220	18
8221	20
8222	13
8223	22
8224	19
8225	13
8226	17
8227	14
8228	17
8229	26
8230	22
8231	22
8232	19
8233	17
8234	16
8235	23
8236	18
8237	16
8238	18
8239	19
8240	22
8241	16
8242	13
8243	15
8244	21
8245	21
8246	13
8247	17
8248	23
8249	15
8250	15
8251	8
8252	11
8253	24
8254	17
8255	12
8256	9
8257	11
8258	18
8259	27
8260	14
8261	15
8262	19
8263	9
8264	11
8265	10
8266	17
8267	26
8268	13
8269	23
8270	24
8271	20
8272	9
8273	14
8274	20
8275	18
8276	17
8277	13
8278	24
8279	11
8280	26
8281	14
8282	19
8283	16
8284	14
8285	16
8286	13
8287	17
8288	14
8289	15
8290	20
8291	15
8292	15
8293	13
8294	8
8295	19
8296	19
8297	31
8298	21
8299	15
8300	16
8301	12
8302	25
8303	11
8304	19
8305	19
8306	17
8307	22
8308	19
8309	11
8310	14
8311	22
8312	11
8313	16
8314	29
8315	14
8316	14
8317	22
8318	18
8319	16
8320	9
8321	18
8322	24
8323	16
8324	19
8325	20
8326	20
8327	14
8328	22
8329	23
8330	13
8331	16
8332	10
8333	26
8334	12
8335	20
8336	10
8337	23
8338	16
8339	20
8340	12
8341	22
8342	23
8343	24
8344	16
8345	12
8346	13
8347	16
8348	20
8349	12
8350	12
8351	15
8352	22
8353	9
8354	16
8355	18
8356	23
8357	12
8358	11
8359	14
8360	18
8361	18
8362	16
8363	19
8364	9
8365	21
8366	14
8367	18
8368	23
8369	12
8370	21
8371	18
8372	14
8373	19
8374	18
8375	11
8376	16
8377	12
8378	24
8379	17
8380	14
8381	16
8382	20
8383	18
8384	14
8385	15
8386	19
8387	11
8388	19
8389	26
8390	19
8391	16
8392	19
8393	25
8394	15
8395	20
8396	20
8397	16
8398	20
8399	19
8400	11
8401	12
8402	13
8403	11
8404	26
8405	17
8406	19
8407	16
8408	23
8409	20
8410	13
8411	11
8412	24
8413	19
8414	26
8415	14
8416	18
8417	15
8418	9
8419	23
8420	8
8421	16
8422	13
8423	16
8424	17
8425	18
8426	12
8427	15
8428	18
8429	18
8430	19
8431	23
8432	25
8433	20
8434	19
8435	15
8436	16
8437	22
8438	22
8439	21
8440	20
8441	14
8442	18
8443	18
8444	17
8445	15
8446	7
8447	26
8448	17
8449	21
8450	18
8451	8
8452	14
8453	18
8454	16
8455	15
8456	16
8457	21
8458	12
8459	16
8460	22
8461	14
8462	13
8463	22
8464	7
8465	15
8466	17
8467	21
8468	14
8469	14
8470	18
8471	13
8472	18
8473	25
8474	9
8475	20
8476	10
8477	21
8478	13
8479	14
8480	16
8481	20
8482	20
8483	19
8484	18
8485	12
8486	15
8487	19
8488	18
8489	17
8490	18
8491	13
8492	9
8493	16
8494	13
8495	26
8496	21
8497	21
8498	12
8499	16
8500	15
8501	14
8502	21
8503	16
8504	16
8505	20
8506	15
8507	18
8508	26
8509	22
8510	20
8511	14
8512	16
8513	10
8514	18
8515	26
8516	28
8517	18
8518	12
8519	17
8520	28
8521	10
8522	20
8523	15
8524	14
8525	6
8526	21
8527	15
8528	20
8529	21
8530	20
8531	21
8532	20
8533	26
8534	14
8535	18
8536	23
8537	11
8538	19
8539	14
8540	18
8541	21
8542	12
8543	27
8544	19
8545	15
8546	16
8547	13
8548	18
8549	25
8550	20
8551	27
8552	17
8553	17
8554	15
8555	17
8556	19
8557	18
8558	20
8559	14
8560	11
8561	13
8562	9
8563	15
8564	22
8565	21
8566	10
8567	17
8568	16
8569	17
8570	19
8571	10
8572	23
8573	13
8574	24
8575	17
8576	15
8577	15
8578	17
8579	13
8580	19
8581	13
8582	17
8583	20
8584	22
8585	19
8586	16
8587	20
8588	15
8589	18
8590	14
8591	15
8592	11
8593	15
8594	22
8595	25
8596	19
8597	21
8598	18
8599	14
8600	13
8601	15
8602	12
8603	15
8604	19
8605	15
8606	13
8607	18
8608	18
8609	22
8610	15
8611	15
8612	25
8613	19
8614	17
8615	9
8616	16
8617	13
8618	17
8619	18
8620	13
8621	23
8622	16
8623	17
8624	15
8625	18
8626	11
8627	23
8628	18
8629	24
8630	19
8631	22
8632	17
8633	18
8634	13
8635	16
8636	13
8637	17
8638	16
8639	19
8640	14
8641	24
8642	14
8643	20
8644	23
8645	16
8646	16
8647	17
8648	17
8649	16
8650	16
8651	22
8652	18
8653	19
8654	9
8655	16
8656	19
8657	14
8658	15
8659	14
8660	15
8661	19
8662	16
8663	16
8664	11
8665	18
8666	21
8667	25
8668	16
8669	17
8670	19
8671	19
8672	20
8673	22
8674	19
8675	7
8676	19
8677	23
8678	21
8679	26
8680	18
8681	15
8682	15
8683	19
8684	14
8685	15
8686	20
8687	21
8688	13
8689	16
8690	17
8691	12
8692	12
8693	17
8694	18
8695	15
8696	11
8697	17
8698	14
8699	23
8700	24
8701	20
8702	20
8703	13
8704	12
8705	17
8706	13
8707	17
8708	22
8709	19
8710	16
8711	18
8712	17
8713	13
8714	19
8715	16
8716	23
8717	12
8718	18
8719	13
8720	18
8721	20
8722	15
8723	21
8724	18
8725	14
8726	16
8727	14
8728	19
8729	20
8730	16
8731	26
8732	21
8733	16
8734	12
8735	16
8736	18
8737	19
8738	14
8739	21
8740	18
8741	18
8742	19
8743	15
8744	18
8745	13
8746	24
8747	24
8748	18
8749	23
8750	13
8751	10
8752	25
8753	18
8754	15
8755	10
8756	28
8757	16
8758	11
8759	24
8760	18
8761	15
8762	18
8763	21
8764	18
8765	12
8766	26
8767	20
8768	18
8769	9
8770	13
8771	24
8772	17
8773	24
8774	14
8775	14
8776	11
8777	16
8778	15
8779	13
8780	13
8781	19
8782	13
8783	25
8784	14
8785	15
8786	29
8787	18
8788	14
8789	18
8790	17
8791	15
8792	14
8793	14
8794	15
8795	11
8796	16
8797	18
8798	18
8799	19
8800	23
8801	17
8802	21
8803	15
8804	21
8805	15
8806	19
8807	13
8808	10
8809	18
8810	15
8811	20
8812	15
8813	21
8814	13
8815	19
8816	15
8817	15
8818	11
8819	11
8820	13
8821	20
8822	23
8823	24
8824	30
8825	26
8826	10
8827	17
8828	22
8829	18
8830	20
8831	21
8832	19
8833	11
8834	18
8835	16
8836	11
8837	11
8838	19
8839	24
8840	15
8841	14
8842	19
8843	14
8844	23
8845	16
8846	7
8847	17
8848	17
8849	14
8850	14
8851	25
8852	15
8853	21
8854	12
8855	10
8856	17
8857	29
8858	29
8859	20
8860	22
8861	12
8862	20
8863	17
8864	22
8865	16
8866	5
8867	14
8868	19
8869	15
8870	18
8871	16
8872	19
8873	12
8874	13
8875	29
8876	18
8877	10
8878	15
8879	25
8880	16
8881	14
8882	18
8883	10
8884	12
8885	16
8886	21
8887	15
8888	14
8889	12
8890	20
8891	18
8892	20
8893	27
8894	17
8895	16
8896	17
8897	17
8898	18
8899	16
8900	22
8901	25
8902	15
8903	18
8904	18
8905	15
8906	19
8907	15
8908	11
8909	22
8910	19
8911	13
8912	14
8913	27
8914	18
8915	16
8916	18
8917	16
8918	11
8919	26
8920	16
8921	17
8922	18
8923	12
8924	13
8925	15
8926	20
8927	23
8928	14
8929	19
8930	15
8931	17
8932	26
8933	12
8934	10
8935	20
8936	19
8937	18
8938	21
8939	21
8940	15
8941	11
8942	15
8943	17
8944	23
8945	27
8946	17
8947	15
8948	22
8949	17
8950	17
8951	17
8952	19
8953	25
8954	19
8955	18
8956	11
8957	19
8958	27
8959	17
8960	15
8961	28
8962	12
8963	18
8964	22
8965	23
8966	26
8967	15
8968	22
8969	16
8970	24
8971	21
8972	25
8973	20
8974	21
8975	22
8976	21
8977	16
8978	14
8979	24
8980	11
8981	25
8982	20
8983	17
8984	18
8985	15
8986	23
8987	15
8988	28
8989	17
8990	18
8991	15
8992	19
8993	18
8994	21
8995	13
8996	22
8997	19
8998	15
8999	23
9000	22
9001	21
9002	13
9003	21
9004	22
9005	18
9006	17
9007	14
9008	24
9009	20
9010	24
9011	19
9012	22
9013	21
9014	14
9015	16
9016	18
9017	10
9018	18
9019	18
9020	14
9021	18
9022	24
9023	13
9024	23
9025	18
9026	23
9027	16
9028	19
9029	13
9030	28
9031	12
9032	14
9033	17
9034	18
9035	13
9036	23
9037	23
9038	16
9039	18
9040	11
9041	15
9042	16
9043	22
9044	18
9045	11
9046	12
9047	10
9048	23
9049	13
9050	16
9051	21
9052	16
9053	20
9054	17
9055	21
9056	18
9057	19
9058	30
9059	23
9060	18
9061	24
9062	23
9063	13
9064	13
9065	25
9066	22
9067	11
9068	12
9069	14
9070	14
9071	13
9072	15
9073	11
9074	15
9075	21
9076	25
9077	22
9078	23
9079	19
9080	17
9081	17
9082	18
9083	22
9084	22
9085	25
9086	19
9087	24
9088	23
9089	11
9090	17
9091	19
9092	15
9093	16
9094	21
9095	15
9096	20
9097	19
9098	26
9099	16
9100	19
9101	24
9102	12
9103	18
9104	17
9105	10
9106	24
9107	13
9108	19
9109	14
9110	16
9111	16
9112	12
9113	22
9114	11
9115	17
9116	19
9117	20
9118	12
9119	19
9120	20
9121	12
9122	16
9123	16
9124	21
9125	12
9126	25
9127	17
9128	20
9129	7
9130	12
9131	10
9132	12
9133	16
9134	16
9135	9
9136	17
9137	16
9138	17
9139	13
9140	17
9141	16
9142	18
9143	18
9144	14
9145	18
9146	17
9147	16
9148	13
9149	15
9150	14
9151	11
9152	22
9153	15
9154	23
9155	15
9156	9
9157	20
9158	21
9159	14
9160	18
9161	15
9162	12
9163	21
9164	18
9165	14
9166	16
9167	15
9168	13
9169	25
9170	17
9171	15
9172	22
9173	16
9174	15
9175	16
9176	12
9177	13
9178	19
9179	17
9180	19
9181	21
9182	17
9183	12
9184	20
9185	21
9186	14
9187	11
9188	19
9189	24
9190	17
9191	19
9192	15
9193	15
9194	12
9195	20
9196	17
9197	20
9198	15
9199	13
9200	14
9201	15
9202	24
9203	19
9204	19
9205	22
9206	27
9207	19
9208	24
9209	11
9210	20
9211	23
9212	20
9213	17
9214	15
9215	14
9216	22
9217	13
9218	13
9219	20
9220	9
9221	19
9222	16
9223	13
9224	19
9225	9
9226	18
9227	17
9228	21
9229	16
9230	25
9231	12
9232	16
9233	19
9234	14
9235	18
9236	20
9237	14
9238	11
9239	11
9240	23
9241	20
9242	12
9243	20
9244	16
9245	18
9246	16
9247	19
9248	12
9249	18
9250	12
9251	18
9252	17
9253	13
9254	19
9255	16
9256	21
9257	17
9258	25
9259	14
9260	16
9261	16
9262	18
9263	15
9264	24
9265	22
9266	18
9267	16
9268	20
9269	18
9270	13
9271	18
9272	21
9273	25
9274	17
9275	12
9276	23
9277	24
9278	10
9279	22
9280	19
9281	18
9282	20
9283	14
9284	19
9285	19
9286	8
9287	21
9288	20
9289	15
9290	16
9291	16
9292	18
9293	8
9294	19
9295	18
9296	17
9297	14
9298	11
9299	18
9300	12
9301	10
9302	13
9303	12
9304	17
9305	13
9306	14
9307	21
9308	16
9309	20
9310	13
9311	10
9312	21
9313	20
9314	14
9315	24
9316	15
9317	17
9318	25
9319	15
9320	17
9321	18
9322	14
9323	18
9324	19
9325	18
9326	20
9327	15
9328	18
9329	18
9330	17
9331	19
9332	14
9333	14
9334	16
9335	25
9336	14
9337	7
9338	14
9339	23
9340	16
9341	21
9342	18
9343	23
9344	17
9345	14
9346	17
9347	20
9348	18
9349	20
9350	16
9351	22
9352	18
9353	27
9354	26
9355	17
9356	19
9357	23
9358	17
9359	15
9360	16
9361	20
9362	13
9363	17
9364	17
9365	14
9366	16
9367	17
9368	11
9369	15
9370	15
9371	15
9372	16
9373	23
9374	17
9375	26
9376	17
9377	19
9378	22
9379	23
9380	10
9381	15
9382	15
9383	21
9384	20
9385	13
9386	23
9387	13
9388	15
9389	16
9390	15
9391	11
9392	20
9393	8
9394	14
9395	16
9396	11
9397	15
9398	20
9399	14
9400	8
9401	19
9402	13
9403	19
9404	17
9405	17
9406	17
9407	19
9408	18
9409	13
9410	16
9411	20
9412	10
9413	12
9414	15
9415	19
9416	11
9417	14
9418	18
9419	21
9420	9
9421	16
9422	13
9423	14
9424	19
9425	13
9426	22
9427	20
9428	30
9429	17
9430	16
9431	17
9432	16
9433	20
9434	19
9435	24
9436	15
9437	12
9438	17
9439	11
9440	27
9441	16
9442	13
9443	13
9444	13
9445	13
9446	17
9447	14
9448	20
9449	18
9450	25
9451	16
9452	13
9453	17
9454	25
9455	15
9456	17
9457	20
9458	10
9459	17
9460	11
9461	16
9462	18
9463	21
9464	12
9465	11
9466	21
9467	14
9468	14
9469	13
9470	15
9471	20
9472	22
9473	19
9474	10
9475	15
9476	17
9477	21
9478	26
9479	19
9480	15
9481	16
9482	15
9483	15
9484	18
9485	13
9486	20
9487	17
9488	21
9489	15
9490	16
9491	22
9492	18
9493	19
9494	16
9495	20
9496	17
9497	19
9498	23
9499	16
9500	12
9501	13
9502	16
9503	17
9504	10
9505	20
9506	14
9507	17
9508	29
9509	10
9510	16
9511	23
9512	21
9513	16
9514	20
9515	15
9516	14
9517	28
9518	14
9519	17
9520	15
9521	17
9522	15
9523	20
9524	14
9525	14
9526	19
9527	19
9528	25
9529	13
9530	24
9531	15
9532	17
9533	22
9534	24
9535	14
9536	26
9537	18
9538	19
9539	18
9540	26
9541	22
9542	20
9543	13
9544	13
9545	11
9546	12
9547	17
9548	19
9549	16
9550	16
9551	21
9552	15
9553	19
9554	21
9555	15
9556	16
9557	10
9558	16
9559	21
9560	29
9561	21
9562	19
9563	16
9564	21
9565	22
9566	19
9567	21
9568	11
9569	16
9570	12
9571	10
9572	12
9573	12
9574	13
9575	19
9576	14
9577	26
9578	14
9579	23
9580	25
9581	15
9582	15
9583	16
9584	21
9585	16
9586	23
9587	25
9588	18
9589	14
9590	14
9591	14
9592	19
9593	23
9594	16
9595	15
9596	19
9597	14
9598	18
9599	12
9600	22
9601	18
9602	14
9603	25
9604	14
9605	12
9606	15
9607	22
9608	16
9609	19
9610	11
9611	12
9612	11
9613	17
9614	16
9615	19
9616	15
9617	29
9618	13
9619	9
9620	13
9621	21
9622	9
9623	19
9624	17
9625	24
9626	12
9627	18
9628	17
9629	16
9630	15
9631	23
9632	10
9633	17
9634	10
9635	19
9636	10
9637	15
9638	15
9639	21
9640	18
9641	15
9642	13
9643	15
9644	17
9645	15
9646	13
9647	17
9648	14
9649	19
9650	13
9651	15
9652	15
9653	23
9654	11
9655	20
9656	26
9657	11
9658	20
9659	11
9660	13
9661	11
9662	10
9663	14
9664	20
9665	18
9666	13
9667	13
9668	9
9669	17
9670	19
9671	19
9672	17
9673	14
9674	13
9675	20
9676	14
9677	25
9678	16
9679	21
9680	26
9681	17
9682	14
9683	13
9684	18
9685	16
9686	25
9687	18
9688	16
9689	16
9690	18
9691	16
9692	13
9693	14
9694	19
9695	18
9696	28
9697	21
9698	22
9699	21
9700	28
9701	13
9702	12
9703	11
9704	22
9705	21
9706	23
9707	19
9708	13
9709	13
9710	12
9711	24
9712	11
9713	24
9714	20
9715	21
9716	24
9717	18
9718	14
9719	26
9720	21
9721	21
9722	21
9723	19
9724	16
9725	19
9726	19
9727	25
9728	20
9729	18
9730	22
9731	27
9732	27
9733	20
9734	18
9735	17
9736	17
9737	28
9738	11
9739	23
9740	23
9741	22
9742	22
9743	16
9744	20
9745	15
9746	16
9747	18
9748	17
9749	19
9750	29
9751	18
9752	23
9753	14
9754	15
9755	27
9756	24
9757	24
9758	18
9759	18
9760	17
9761	19
9762	17
9763	18
9764	20
9765	19
9766	18
9767	23
9768	24
9769	26
9770	15
9771	21
9772	18
9773	16
9774	13
9775	22
9776	16
9777	20
9778	18
9779	27
9780	20
9781	21
9782	17
9783	22
9784	14
9785	24
9786	20
9787	12
9788	26
9789	18
9790	24
9791	20
9792	24
9793	31
9794	16
9795	22
9796	22
9797	22
9798	16
9799	25
9800	20
9801	17
9802	16
9803	22
9804	22
9805	15
9806	21
9807	30
9808	14
9809	20
9810	27
9811	19
9812	21
9813	17
9814	21
9815	25
9816	22
9817	29
9818	19
9819	12
9820	19
9821	23
9822	13
9823	22
9824	17
9825	18
9826	19
9827	14
9828	22
9829	20
9830	19
9831	15
9832	18
9833	22
9834	18
9835	14
9836	26
9837	20
9838	14
9839	19
9840	8
9841	21
9842	26
9843	25
9844	17
9845	22
9846	18
9847	24
9848	24
9849	19
9850	19
9851	19
9852	19
9853	15
9854	18
9855	16
9856	14
9857	20
9858	16
9859	16
9860	20
9861	28
9862	14
9863	20
9864	22
9865	21
9866	19
9867	19
9868	20
9869	25
9870	25
9871	23
9872	30
9873	22
9874	17
9875	24
9876	26
9877	18
9878	19
9879	18
9880	20
9881	18
9882	18
9883	17
9884	12
9885	15
9886	18
9887	24
9888	16
9889	18
9890	14
9891	13
9892	26
9893	19
9894	14
9895	18
9896	18
9897	21
9898	12
9899	12
9900	17
9901	12
9902	23
9903	21
9904	14
9905	17
9906	22
9907	16
9908	10
9909	22
9910	17
9911	23
9912	16
9913	18
9914	19
9915	26
9916	18
9917	18
9918	22
9919	20
9920	16
9921	13
9922	20
9923	23
9924	18
9925	19
9926	15
9927	24
9928	13
9929	22
9930	30
9931	25
9932	28
9933	20
9934	24
9935	15
9936	29
9937	22
9938	19
9939	11
9940	24
9941	19
9942	15
9943	20
9944	20
9945	14
9946	16
9947	15
9948	16
9949	18
9950	20
9951	25
9952	22
9953	21
9954	19
9955	13
9956	24
9957	24
9958	18
9959	26
9960	23
9961	17
9962	13
9963	29
9964	14
9965	16
9966	31
9967	18
9968	29
9969	24
9970	14
9971	23
9972	18
9973	13
9974	24
9975	13
9976	22
9977	28
9978	21
9979	19
9980	14
9981	19
9982	18
9983	23
9984	21
9985	25
9986	29
9987	18
9988	19
9989	13
9990	25
9991	18
9992	12
9993	19
9994	19
9995	17
9996	23
9997	22
9998	17
9999	27
10000	21
